4 0.46841666666666665 0.422375 0.007833333333333333 0.00775
4 0.30925 0.515875 0.0075 0.00575
4 0.341 0.56625 0.008 0.0045
4 0.32558333333333334 0.545625 0.005833333333333334 0.00575
4 0.3243333333333333 0.577625 0.009 0.00475
4 0.36825 0.585875 0.007166666666666667 0.00375
4 0.35083333333333333 0.603 0.006666666666666667 0.004
4 0.40908333333333335 0.62075 0.0065 0.011
4 0.3308333333333333 0.698375 0.007666666666666666 0.00725
4 0.33108333333333334 0.64975 0.005833333333333334 0.0045
4 0.30766666666666664 0.583 0.004666666666666667 0.0095
4 0.29283333333333333 0.58025 0.008333333333333333 0.005
4 0.3060833333333333 0.5935 0.004166666666666667 0.004
4 0.32033333333333336 0.615 0.004 0.008
4 0.2853333333333333 0.580625 0.005666666666666667 0.00525
4 0.259 0.509625 0.005333333333333333 0.00625
4 0.2925833333333333 0.454625 0.007166666666666667 0.00475
4 0.34275 0.42225 0.005833333333333334 0.005
4 0.33716666666666667 0.4165 0.007 0.008
4 0.336 0.4555 0.004 0.0085
4 0.26575 0.28375 0.004166666666666667 0.0095
4 0.14866666666666667 0.454125 0.008333333333333333 0.00625
4 0.12158333333333333 0.459625 0.0065 0.00375
4 0.10425 0.469625 0.007166666666666667 0.00425
4 0.3264166666666667 0.575 0.005166666666666667 0.003
