4 0.21275 0.09625 0.005166666666666667 0.003
4 0.15841666666666668 0.067125 0.005166666666666667 0.00475
4 0.1525 0.072625 0.007333333333333333 0.00625
4 0.1895 0.00525 0.005 0.003
4 0.156 0.004 0.005666666666666667 0.007
4 0.19458333333333333 0.11775 0.0031666666666666666 0.0065
4 0.18908333333333333 0.155375 0.005166666666666667 0.01175
4 0.5364166666666667 0.334625 0.004833333333333334 0.00875
4 0.5283333333333333 0.485625 0.005666666666666667 0.00775
4 0.6235833333333334 0.467875 0.005166666666666667 0.00575
4 0.6330833333333333 0.502125 0.005166666666666667 0.01325
4 0.635 0.511375 0.005666666666666667 0.00525
4 0.6676666666666666 0.509 0.006333333333333333 0.0045
4 0.6755 0.50375 0.005333333333333333 0.0035
4 0.6785833333333333 0.490875 0.008166666666666666 0.00475
4 0.618 0.564375 0.007333333333333333 0.00325
4 0.70125 0.559125 0.0065 0.00925
4 0.6984166666666667 0.537375 0.0021666666666666666 0.00625
4 0.72775 0.528875 0.0045 0.00525
4 0.16283333333333333 0.524875 0.004666666666666667 0.01025
