4 0.5075833333333334 0.514375 0.007166666666666667 0.01075
4 0.5131666666666667 0.53225 0.010666666666666666 0.0215
4 0.4980833333333333 0.535625 0.0125 0.01125
4 0.4841666666666667 0.56625 0.009333333333333334 0.024
4 0.61175 0.428 0.006833333333333334 0.0195
4 0.619 0.41775 0.011666666666666667 0.0225
4 0.6204166666666666 0.42725 0.0085 0.011
4 0.90525 0.31675 0.0105 0.019
4 0.36283333333333334 0.133375 0.009333333333333334 0.01025
4 0.3630833333333333 0.06 0.005833333333333334 0.0125
4 0.35525 0.061375 0.0075 0.01625
4 0.35358333333333336 0.038375 0.008833333333333334 0.00675
4 0.29533333333333334 0.06125 0.01633333333333333 0.0165
4 0.19558333333333333 0.11925 0.0135 0.0085
4 0.16983333333333334 0.130375 0.012333333333333333 0.02275
4 0.11825 0.062375 0.0085 0.01975
4 0.606 0.461125 0.009 0.02075
4 0.60325 0.439375 0.0035 0.01125
