4 0.30191666666666667 0.62625 0.007833333333333333 0.0075
4 0.2905 0.636125 0.0036666666666666666 0.00375
4 0.27525 0.66375 0.0031666666666666666 0.0095
4 0.28208333333333335 0.670625 0.0028333333333333335 0.01075
4 0.24983333333333332 0.65925 0.008333333333333333 0.006
4 0.24116666666666667 0.66625 0.0033333333333333335 0.0115
4 0.22908333333333333 0.669625 0.0021666666666666666 0.00675
4 0.339 0.70275 0.004 0.0105
4 0.36966666666666664 0.674375 0.008666666666666666 0.00575
4 0.25625 0.82025 0.003833333333333333 0.0125
4 0.25416666666666665 0.821875 0.002 0.00625
4 0.28775 0.875 0.0035 0.009
4 0.35033333333333333 0.89375 0.006666666666666667 0.006
4 0.21725 0.82675 0.006833333333333334 0.0075
4 0.06608333333333333 0.760875 0.0105 0.00825
4 0.05308333333333334 0.765875 0.007166666666666667 0.00975
4 0.059666666666666666 0.7105 0.005333333333333333 0.0095
4 0.086 0.685 0.004333333333333333 0.011
4 0.06691666666666667 0.69025 0.004166666666666667 0.006
4 0.06116666666666667 0.669875 0.007666666666666666 0.00675
4 0.06516666666666666 0.680625 0.0026666666666666666 0.00625
4 0.29041666666666666 0.87825 0.0028333333333333335 0.008
