4 0.018583333333333334 0.743875 0.010166666666666666 0.00725
4 0.023583333333333335 0.78425 0.010833333333333334 0.007
4 0.023166666666666665 0.80075 0.005666666666666667 0.0145
4 0.04125 0.8035 0.0075 0.013
4 0.08016666666666666 0.8215 0.006333333333333333 0.0095
4 0.06916666666666667 0.84675 0.005666666666666667 0.0165
4 0.043583333333333335 0.873875 0.0085 0.01375
4 0.09208333333333334 0.873875 0.0055 0.02025
4 0.08241666666666667 0.877625 0.0095 0.00725
4 0.09125 0.8515 0.004833333333333334 0.0165
4 0.12583333333333332 0.851375 0.006 0.01075
4 0.18125 0.889375 0.007166666666666667 0.00825
4 0.17241666666666666 0.896625 0.009166666666666667 0.01825
4 0.261 0.90625 0.006666666666666667 0.0215
4 0.49375 0.883 0.0025 0.008
4 0.49966666666666665 0.894 0.007333333333333333 0.0175
