4 0.35091666666666665 0.383375 0.006166666666666667 0.00675
4 0.32575 0.415625 0.008833333333333334 0.00575
4 0.32233333333333336 0.425125 0.004666666666666667 0.00725
4 0.3274166666666667 0.43325 0.004166666666666667 0.011
4 0.4339166666666667 0.1675 0.005833333333333334 0.0055
4 0.45808333333333334 0.175125 0.0045 0.01425
4 0.49233333333333335 0.17225 0.005666666666666667 0.009
4 0.5045 0.188375 0.0033333333333333335 0.00825
4 0.5035833333333334 0.1445 0.0031666666666666666 0.012
4 0.5005833333333334 0.151375 0.0031666666666666666 0.00525
4 0.5409166666666667 0.433125 0.003833333333333333 0.01175
4 0.5246666666666666 0.500875 0.005333333333333333 0.00825
4 0.5476666666666666 0.56775 0.006 0.006
4 0.5445833333333333 0.588625 0.003833333333333333 0.01025
4 0.5635833333333333 0.61775 0.004833333333333334 0.012
4 0.021666666666666667 0.696875 0.009 0.00625
