4 0.5540833333333334 0.6565 0.011166666666666667 0.007
4 0.56525 0.659375 0.003833333333333333 0.01425
4 0.5736666666666667 0.662625 0.008 0.00825
4 0.5716666666666667 0.672 0.010666666666666666 0.0105
4 0.5598333333333333 0.67325 0.008666666666666666 0.013
4 0.5855833333333333 0.67925 0.009166666666666667 0.0085
4 0.5674166666666667 0.686625 0.007166666666666667 0.00375
4 0.5664166666666667 0.691625 0.012833333333333334 0.01125
4 0.56875 0.6975 0.007166666666666667 0.0065
4 0.5638333333333333 0.70225 0.009333333333333334 0.0075
4 0.5773333333333334 0.706375 0.012 0.01625
4 0.5745833333333333 0.709625 0.0075 0.00975
4 0.5720833333333334 0.71325 0.0065 0.013
4 0.5776666666666667 0.7195 0.006 0.005
4 0.57975 0.724875 0.012833333333333334 0.00925
4 0.5788333333333333 0.731125 0.008333333333333333 0.00725
4 0.572 0.726375 0.0036666666666666666 0.01125
4 0.5680833333333334 0.731 0.007833333333333333 0.022
4 0.53725 0.735125 0.0055 0.01625
4 0.47175 0.829375 0.007833333333333333 0.01975
