4 0.50625 0.008375 0.0028333333333333335 0.00725
4 0.475 0.01325 0.005666666666666667 0.004
4 0.49716666666666665 0.01875 0.005333333333333333 0.006
4 0.4588333333333333 0.033125 0.005333333333333333 0.00625
4 0.46758333333333335 0.037375 0.007833333333333333 0.00575
4 0.47325 0.041625 0.0028333333333333335 0.00275
4 0.47691666666666666 0.043375 0.0028333333333333335 0.00375
4 0.48841666666666667 0.044 0.004166666666666667 0.003
4 0.50325 0.064375 0.0045 0.00375
4 0.5131666666666667 0.049375 0.0033333333333333335 0.00275
4 0.5215 0.033375 0.004333333333333333 0.00325
4 0.5201666666666667 0.06475 0.003 0.007
4 0.4713333333333333 0.032625 0.0036666666666666666 0.00775
