4 0.5255 0.564875 0.012333333333333333 0.01675
4 0.5763333333333334 0.624 0.011666666666666667 0.015
4 0.5975833333333334 0.6515 0.0125 0.013
4 0.5961666666666666 0.66275 0.007666666666666666 0.018
4 0.6509166666666667 0.703875 0.011833333333333333 0.00925
4 0.6610833333333334 0.7105 0.006166666666666667 0.0105
4 0.64475 0.724 0.0075 0.0095
4 0.6705833333333333 0.725625 0.006833333333333334 0.00975
4 0.6615 0.750625 0.011666666666666667 0.01875
4 0.6794166666666667 0.761875 0.006166666666666667 0.02375
4 0.6793333333333333 0.784375 0.004666666666666667 0.01375
4 0.50375 0.819875 0.006166666666666667 0.01575
4 0.5085833333333334 0.768875 0.011166666666666667 0.01825
4 0.48791666666666667 0.7285 0.0065 0.01
4 0.4950833333333333 0.7845 0.0095 0.0085
4 0.37266666666666665 0.850625 0.006666666666666667 0.01425
4 0.37041666666666667 0.860125 0.009166666666666667 0.00725
4 0.36275 0.790125 0.010166666666666666 0.00775
4 0.3536666666666667 0.777375 0.010666666666666666 0.01125
