4 0.47633333333333333 0.422375 0.013666666666666667 0.00825
4 0.4575 0.407125 0.013666666666666667 0.01475
4 0.47658333333333336 0.381875 0.005166666666666667 0.01175
4 0.46808333333333335 0.36475 0.0125 0.0125
4 0.4881666666666667 0.2645 0.009 0.0235
4 0.5456666666666666 0.213625 0.007666666666666666 0.00575
4 0.6121666666666666 0.189625 0.007 0.01275
4 0.6266666666666667 0.20525 0.006666666666666667 0.014
4 0.62525 0.162125 0.0145 0.01125
4 0.6479166666666667 0.202125 0.010166666666666666 0.01325
4 0.6579166666666667 0.13825 0.0065 0.0165
4 0.5308333333333334 0.068375 0.008666666666666666 0.01125
4 0.39358333333333334 0.15425 0.005166666666666667 0.01
4 0.3919166666666667 0.162375 0.011833333333333333 0.01225
4 0.40091666666666664 0.172625 0.006833333333333334 0.00625
4 0.4025 0.17825 0.010666666666666666 0.009
4 0.37475 0.229375 0.0095 0.01475
4 0.3585833333333333 0.266375 0.009166666666666667 0.01325
4 0.34291666666666665 0.262 0.005166666666666667 0.0215
4 0.3396666666666667 0.26075 0.0026666666666666666 0.0135
4 0.3235 0.22925 0.005666666666666667 0.02
4 0.31775 0.2405 0.004166666666666667 0.0125
4 0.322 0.27325 0.010333333333333333 0.0115
4 0.39225 0.29275 0.0045 0.0145
4 0.40925 0.30025 0.0045 0.019
4 0.41825 0.297 0.0055 0.0165
4 0.36866666666666664 0.336625 0.007333333333333333 0.01375
4 0.272 0.280875 0.007666666666666666 0.01725
4 0.25983333333333336 0.28825 0.012333333333333333 0.007
4 0.20041666666666666 0.244625 0.011833333333333333 0.01575
4 0.2836666666666667 0.115375 0.01 0.01225
4 0.34841666666666665 0.240125 0.013833333333333333 0.01025
