4 0.39775 0.378875 0.0035 0.00525
4 0.40108333333333335 0.392875 0.003833333333333333 0.00425
4 0.3963333333333333 0.404375 0.0026666666666666666 0.00475
4 0.39008333333333334 0.405375 0.0055 0.00375
4 0.3908333333333333 0.432625 0.0023333333333333335 0.00475
4 0.38725 0.430875 0.0045 0.00375
4 0.36625 0.441875 0.0025 0.00425
4 0.34841666666666665 0.43375 0.0021666666666666666 0.006
4 0.3453333333333333 0.437 0.003 0.004
4 0.26008333333333333 0.381375 0.0028333333333333335 0.00775
4 0.4508333333333333 0.312125 0.0033333333333333335 0.00575
4 0.47833333333333333 0.320875 0.0026666666666666666 0.00725
4 0.5044166666666666 0.338125 0.0031666666666666666 0.00675
4 0.5223333333333333 0.328875 0.004333333333333333 0.00475
4 0.475 0.230375 0.003 0.00625
4 0.5013333333333333 0.19275 0.0026666666666666666 0.0065
4 0.49083333333333334 0.181625 0.0036666666666666666 0.00575
