4 0.14058333333333334 0.795875 0.0065 0.00525
4 0.14241666666666666 0.79975 0.0085 0.006
4 0.14025 0.8055 0.0095 0.01
4 0.1335 0.803 0.007333333333333333 0.0065
4 0.14608333333333334 0.81525 0.008833333333333334 0.0105
4 0.1445 0.822375 0.007333333333333333 0.00525
4 0.14875 0.82725 0.0055 0.007
4 0.15333333333333332 0.823375 0.009333333333333334 0.00675
4 0.15175 0.83275 0.0075 0.0095
4 0.16208333333333333 0.828125 0.008166666666666666 0.00625
4 0.16275 0.842125 0.005833333333333334 0.01175
4 0.161 0.851625 0.0023333333333333335 0.00675
4 0.16816666666666666 0.8525 0.005 0.0105
4 0.17566666666666667 0.854375 0.007 0.01425
4 0.166 0.863375 0.0033333333333333335 0.01225
4 0.17275 0.8655 0.003833333333333333 0.01
4 0.16725 0.873125 0.0031666666666666666 0.00925
4 0.12683333333333333 0.80925 0.005333333333333333 0.012
4 0.06141666666666667 0.157625 0.0065 0.01525
