4 0.22866666666666666 0.1645 0.004333333333333333 0.0135
4 0.21033333333333334 0.1765 0.005333333333333333 0.02
4 0.20675 0.19675 0.006166666666666667 0.0115
4 0.17966666666666667 0.169 0.005333333333333333 0.0085
4 0.17983333333333335 0.219875 0.004666666666666667 0.01325
4 0.16616666666666666 0.2345 0.005333333333333333 0.0055
4 0.17008333333333334 0.254125 0.009166666666666667 0.01375
4 0.15908333333333333 0.277875 0.0055 0.01125
4 0.16941666666666666 0.27875 0.006166666666666667 0.0075
4 0.11666666666666667 0.266875 0.005333333333333333 0.01125
4 0.19033333333333333 0.323125 0.007666666666666666 0.00625
4 0.20216666666666666 0.398125 0.010333333333333333 0.01025
4 0.19458333333333333 0.403 0.003833333333333333 0.0055
4 0.186 0.42075 0.006666666666666667 0.005
4 0.19958333333333333 0.45 0.005833333333333334 0.014
4 0.1405 0.37575 0.005 0.0125
4 0.1365 0.390875 0.006333333333333333 0.01375
4 0.18475 0.676625 0.0055 0.01475
