4 0.7638333333333334 0.34 0.005 0.012
4 0.81175 0.1695 0.004166666666666667 0.014
4 0.8759166666666667 0.149125 0.0075 0.01775
4 0.876 0.252125 0.011 0.00825
4 0.9015 0.263125 0.007 0.01425
4 0.9159166666666667 0.219 0.0045 0.0075
4 0.90225 0.1015 0.009833333333333333 0.0125
4 0.875 0.09375 0.014333333333333333 0.009
4 0.8488333333333333 0.085625 0.005666666666666667 0.01025
4 0.8631666666666666 0.03175 0.012333333333333333 0.0135
4 0.8690833333333333 0.015875 0.0125 0.00825
4 0.8880833333333333 0.003375 0.006166666666666667 0.00625
4 0.8968333333333334 0.223125 0.009 0.00725
