4 0.483 0.638875 0.005666666666666667 0.00775
4 0.4965 0.65975 0.006 0.0055
4 0.47458333333333336 0.712625 0.0055 0.00675
4 0.5155833333333333 0.71975 0.003833333333333333 0.0085
4 0.49616666666666664 0.728875 0.004 0.00575
4 0.48483333333333334 0.7335 0.004333333333333333 0.008
4 0.45175 0.744 0.0045 0.005
4 0.5104166666666666 0.75825 0.0085 0.006
4 0.5331666666666667 0.792625 0.006 0.00475
4 0.50275 0.835375 0.0065 0.00675
4 0.4865 0.868875 0.0036666666666666666 0.00625
4 0.49091666666666667 0.874875 0.0031666666666666666 0.00425
4 0.5044166666666666 0.8945 0.006833333333333334 0.0095
4 0.503 0.891125 0.0016666666666666668 0.00425
4 0.49783333333333335 0.90175 0.0033333333333333335 0.007
4 0.47908333333333336 0.894125 0.0035 0.01125
4 0.4811666666666667 0.898 0.0016666666666666668 0.0055
4 0.45525 0.742125 0.003833333333333333 0.00425
