4 0.12558333333333332 0.538125 0.011833333333333333 0.01275
4 0.11625 0.47775 0.0075 0.0195
4 0.2765 0.7935 0.008666666666666666 0.0125
4 0.2846666666666667 0.813375 0.008333333333333333 0.02125
4 0.28733333333333333 0.8425 0.005333333333333333 0.0105
4 0.29625 0.818625 0.003833333333333333 0.01575
4 0.29925 0.826625 0.0055 0.01175
4 0.30566666666666664 0.82175 0.005333333333333333 0.0085
4 0.31233333333333335 0.827125 0.012333333333333333 0.01175
4 0.5271666666666667 0.83925 0.014333333333333333 0.0105
4 0.6099166666666667 0.878 0.009833333333333333 0.0095
4 0.60625 0.882875 0.006166666666666667 0.00675
4 0.6544166666666666 0.823875 0.0075 0.01025
4 0.68825 0.814375 0.011166666666666667 0.01575
4 0.6518333333333334 0.74475 0.012333333333333333 0.016
4 0.7105 0.74225 0.009333333333333334 0.0075
4 0.72825 0.77725 0.004833333333333334 0.011
4 0.7480833333333333 0.87775 0.0065 0.02
4 0.8006666666666666 0.71625 0.012666666666666666 0.014
