4 0.874 0.453125 0.008 0.01575
4 0.8710833333333333 0.436875 0.0031666666666666666 0.00725
4 0.86325 0.46275 0.0085 0.008
4 0.8613333333333333 0.477625 0.009333333333333334 0.01125
4 0.8711666666666666 0.47525 0.009333333333333334 0.017
4 0.8788333333333334 0.4755 0.011 0.007
4 0.9069166666666667 0.469 0.005833333333333334 0.0205
4 0.8863333333333333 0.4855 0.011333333333333334 0.01
4 0.8964166666666666 0.489 0.016166666666666666 0.0075
4 0.89525 0.4955 0.010833333333333334 0.0055
4 0.8988333333333334 0.50775 0.013 0.008
4 0.88875 0.516625 0.0125 0.01175
4 0.887 0.521875 0.009666666666666667 0.00875
4 0.88225 0.524875 0.006833333333333334 0.00375
4 0.8898333333333334 0.53075 0.012 0.007
