4 0.6416666666666667 0.237875 0.006 0.00675
4 0.6724166666666667 0.255 0.012833333333333334 0.0115
4 0.6970833333333334 0.273 0.007166666666666667 0.0145
4 0.6855833333333333 0.297875 0.0115 0.00925
4 0.69775 0.20725 0.006833333333333334 0.013
4 0.67925 0.373875 0.0115 0.01175
4 0.6610833333333334 0.372625 0.014833333333333334 0.00975
4 0.6319166666666667 0.337875 0.006166666666666667 0.02275
4 0.6879166666666666 0.3755 0.0105 0.0175
4 0.661 0.24525 0.005333333333333333 0.012
4 0.7064166666666667 0.125875 0.012166666666666666 0.01675
4 0.75325 0.056125 0.009833333333333333 0.01375
4 0.7849166666666667 0.08325 0.013833333333333333 0.0105
4 0.788 0.097 0.013666666666666667 0.0205
