4 0.5255833333333333 0.167375 0.0035 0.00875
4 0.48933333333333334 0.147875 0.007 0.00625
4 0.5273333333333333 0.120125 0.005 0.00425
4 0.5263333333333333 0.130875 0.0036666666666666666 0.00275
4 0.5464166666666667 0.1175 0.004833333333333334 0.0035
4 0.5453333333333333 0.122125 0.006 0.00575
4 0.5500833333333334 0.1195 0.004166666666666667 0.004
4 0.5554166666666667 0.11675 0.0065 0.0045
4 0.5683333333333334 0.111375 0.005 0.00375
4 0.5771666666666667 0.136375 0.004 0.00375
4 0.6019166666666667 0.185625 0.004166666666666667 0.00675
4 0.5336666666666666 0.074125 0.006666666666666667 0.00875
4 0.83225 0.06475 0.0055 0.005
4 0.8298333333333333 0.089125 0.007 0.00725
