4 0.5383333333333333 0.502 0.0023333333333333335 0.0065
4 0.5398333333333334 0.5245 0.0033333333333333335 0.0065
4 0.5385 0.5255 0.0016666666666666668 0.0055
4 0.5329166666666667 0.512625 0.0035 0.00775
4 0.5303333333333333 0.522375 0.0033333333333333335 0.00875
4 0.5236666666666666 0.522625 0.004 0.00775
4 0.59625 0.4755 0.0025 0.008
4 0.5695833333333333 0.472875 0.004166666666666667 0.00575
4 0.6409166666666667 0.452875 0.0021666666666666666 0.00675
4 0.6463333333333333 0.45775 0.0033333333333333335 0.005
4 0.6601666666666667 0.391125 0.0033333333333333335 0.00825
4 0.6578333333333334 0.550375 0.004666666666666667 0.00525
4 0.6433333333333333 0.5875 0.005 0.008
4 0.6454166666666666 0.5985 0.0031666666666666666 0.003
4 0.65075 0.602 0.004166666666666667 0.0045
4 0.6455 0.61325 0.0036666666666666666 0.0075
4 0.6411666666666667 0.614125 0.006 0.00525
4 0.6210833333333333 0.704625 0.003833333333333333 0.00925
4 0.6273333333333333 0.712 0.004333333333333333 0.0055
4 0.6235 0.769 0.003 0.0095
