4 0.5271666666666667 0.447375 0.005333333333333333 0.01725
4 0.5218333333333334 0.392625 0.006 0.01625
4 0.5155833333333333 0.350625 0.004833333333333334 0.01125
4 0.5165 0.36225 0.004333333333333333 0.0115
4 0.5108333333333334 0.288 0.005333333333333333 0.0115
4 0.5034166666666666 0.265375 0.006833333333333334 0.01675
4 0.49916666666666665 0.249375 0.006666666666666667 0.01575
4 0.49 0.212875 0.007 0.01475
4 0.49491666666666667 0.11925 0.0045 0.014
4 0.5013333333333333 0.0975 0.005 0.016
4 0.5076666666666667 0.07425 0.004 0.0125
4 0.5105 0.053625 0.004666666666666667 0.01675
4 0.5136666666666667 0.02575 0.0036666666666666666 0.009
4 0.5140833333333333 0.013875 0.004166666666666667 0.01925
4 0.7365833333333334 0.827875 0.008166666666666666 0.02075
