4 0.36391666666666667 0.38025 0.0025 0.005
4 0.35691666666666666 0.397375 0.0025 0.00975
4 0.41158333333333336 0.4915 0.0035 0.01
4 0.5220833333333333 0.681625 0.0031666666666666666 0.01075
4 0.5389166666666667 0.842625 0.005166666666666667 0.00475
4 0.5631666666666667 0.8575 0.0026666666666666666 0.0065
4 0.5174166666666666 0.881125 0.0031666666666666666 0.00925
4 0.5266666666666666 0.904125 0.005666666666666667 0.00525
4 0.5510833333333334 0.907625 0.0028333333333333335 0.00675
4 0.5391666666666667 0.916 0.0026666666666666666 0.003
4 0.5411666666666667 0.91675 0.002 0.0015
