4 0.40975 0.581625 0.0045 0.01425
4 0.40925 0.593625 0.0035 0.01075
4 0.40608333333333335 0.618 0.008166666666666666 0.017
4 0.4116666666666667 0.646875 0.012333333333333333 0.00675
4 0.41025 0.656875 0.003833333333333333 0.01025
4 0.40191666666666664 0.658625 0.0145 0.01125
4 0.39925 0.665875 0.010833333333333334 0.01225
4 0.40075 0.66825 0.0065 0.0055
4 0.4043333333333333 0.699125 0.009333333333333334 0.02225
4 0.4026666666666667 0.7135 0.004333333333333333 0.012
4 0.3883333333333333 0.721125 0.006333333333333333 0.00975
4 0.40841666666666665 0.748375 0.013166666666666667 0.01525
4 0.5050833333333333 0.67175 0.008166666666666666 0.0225
4 0.6571666666666667 0.5825 0.012666666666666666 0.011
4 0.3473333333333333 0.69575 0.011 0.0075
4 0.2658333333333333 0.661125 0.009666666666666667 0.01075
4 0.2514166666666667 0.693625 0.007166666666666667 0.01625
4 0.13791666666666666 0.804875 0.010833333333333334 0.01325
4 0.15016666666666667 0.538125 0.008333333333333333 0.01125
4 0.14641666666666667 0.537375 0.0055 0.01025
4 0.17333333333333334 0.507375 0.011 0.00775
4 0.16175 0.4955 0.011166666666666667 0.0125
