4 0.3596666666666667 0.32325 0.009 0.0065
4 0.36733333333333335 0.330375 0.005333333333333333 0.00325
4 0.36075 0.42 0.005166666666666667 0.0105
4 0.30983333333333335 0.300875 0.005 0.01375
4 0.31683333333333336 0.28575 0.007 0.0115
4 0.30916666666666665 0.20225 0.006666666666666667 0.0085
4 0.2866666666666667 0.20575 0.007333333333333333 0.017
4 0.24883333333333332 0.1795 0.006333333333333333 0.0165
4 0.48333333333333334 0.674375 0.0026666666666666666 0.00675
4 0.4716666666666667 0.678875 0.004 0.01225
4 0.47825 0.69125 0.0075 0.0045
4 0.5228333333333334 0.673375 0.006 0.00775
4 0.5123333333333333 0.627875 0.004666666666666667 0.01375
4 0.5066666666666667 0.6245 0.0036666666666666666 0.011
4 0.4999166666666667 0.62 0.0025 0.007
4 0.49725 0.626625 0.0075 0.00475
4 0.5449166666666667 0.61775 0.0085 0.007
4 0.54475 0.605375 0.0045 0.00675
4 0.5500833333333334 0.604125 0.003833333333333333 0.00975
4 0.6348333333333334 0.605 0.004 0.006
4 0.64475 0.598125 0.0095 0.00575
4 0.6470833333333333 0.5905 0.006166666666666667 0.0065
4 0.67 0.579125 0.009333333333333334 0.00725
4 0.66275 0.585625 0.005166666666666667 0.00325
4 0.70475 0.647375 0.0055 0.00725
4 0.7109166666666666 0.658375 0.007166666666666667 0.00525
4 0.5145833333333333 0.627625 0.0025 0.00875
