4 0.762 0.444125 0.006666666666666667 0.00725
4 0.7779166666666667 0.470625 0.004833333333333334 0.01025
4 0.774 0.48775 0.009666666666666667 0.0085
4 0.7884166666666667 0.468625 0.008166666666666666 0.00675
4 0.7896666666666666 0.51075 0.005 0.0055
4 0.7796666666666666 0.485125 0.002 0.00525
4 0.7743333333333333 0.5465 0.0026666666666666666 0.0085
4 0.8044166666666667 0.567 0.0045 0.003
4 0.7950833333333334 0.576625 0.0065 0.00575
4 0.835 0.550125 0.0036666666666666666 0.00675
4 0.8543333333333333 0.55925 0.007 0.008
4 0.8766666666666667 0.48625 0.006666666666666667 0.004
4 0.8026666666666666 0.39725 0.005666666666666667 0.008
4 0.7831666666666667 0.3185 0.002 0.0045
4 0.7800833333333334 0.306625 0.007166666666666667 0.00975
4 0.7119166666666666 0.38025 0.0028333333333333335 0.01
4 0.7028333333333333 0.382375 0.003 0.00975
4 0.6761666666666667 0.334 0.005 0.0085
4 0.7103333333333334 0.297875 0.007 0.00775
