4 0.4135 0.28975 0.014 0.01
4 0.4066666666666667 0.263 0.01 0.0085
4 0.3764166666666667 0.31475 0.007833333333333333 0.012
4 0.27291666666666664 0.3495 0.0095 0.0075
4 0.24608333333333332 0.3395 0.011833333333333333 0.008
4 0.24966666666666668 0.404625 0.007333333333333333 0.00875
4 0.08783333333333333 0.389 0.010333333333333333 0.0105
4 0.11566666666666667 0.444875 0.006666666666666667 0.00875
4 0.10791666666666666 0.482375 0.008833333333333334 0.01575
4 0.13158333333333333 0.4315 0.008166666666666666 0.0075
4 0.07425 0.56075 0.0075 0.0165
4 0.026916666666666665 0.26 0.008833333333333334 0.0105
