4 0.3125 0.53375 0.006 0.017
4 0.3265 0.551125 0.008666666666666666 0.01375
4 0.3179166666666667 0.554875 0.0028333333333333335 0.00575
4 0.31925 0.563375 0.0045 0.00925
4 0.302 0.583625 0.006333333333333333 0.01175
4 0.33225 0.594875 0.006833333333333334 0.00775
4 0.36283333333333334 0.62175 0.008333333333333333 0.009
4 0.2708333333333333 0.716125 0.008333333333333333 0.01025
4 0.26008333333333333 0.725875 0.004833333333333334 0.00525
4 0.22841666666666666 0.687875 0.0055 0.01425
4 0.2995 0.7685 0.007666666666666666 0.014
4 0.235 0.80375 0.005 0.0125
4 0.218 0.824125 0.004333333333333333 0.01025
4 0.20683333333333334 0.771125 0.004333333333333333 0.01075
4 0.19625 0.779875 0.0045 0.00925
4 0.18916666666666668 0.79425 0.004 0.0115
4 0.193 0.759625 0.005333333333333333 0.01475
4 0.17733333333333334 0.765875 0.004333333333333333 0.01225
4 0.15416666666666667 0.819 0.004 0.0095
4 0.14633333333333334 0.784875 0.005333333333333333 0.01325
4 0.14783333333333334 0.7645 0.006 0.0105
4 0.14375 0.746375 0.005166666666666667 0.00975
4 0.21941666666666668 0.72175 0.0028333333333333335 0.006
4 0.20233333333333334 0.731125 0.004333333333333333 0.01025
4 0.19216666666666668 0.7285 0.006666666666666667 0.0095
4 0.18808333333333332 0.719375 0.0028333333333333335 0.00625
4 0.17433333333333334 0.715125 0.004333333333333333 0.00725
4 0.191 0.701125 0.0023333333333333335 0.00825
4 0.19941666666666666 0.69375 0.004166666666666667 0.0125
4 0.1905 0.661 0.01 0.0135
