4 0.331 0.392375 0.008 0.00775
4 0.30925 0.27175 0.005833333333333334 0.004
4 0.30616666666666664 0.2365 0.005 0.005
4 0.2981666666666667 0.22725 0.006666666666666667 0.0075
4 0.28708333333333336 0.249 0.0031666666666666666 0.0075
4 0.28341666666666665 0.244625 0.0045 0.00775
4 0.27391666666666664 0.22725 0.0065 0.006
4 0.26958333333333334 0.21975 0.0055 0.01
4 0.28683333333333333 0.205 0.004 0.0035
4 0.2848333333333333 0.208125 0.007333333333333333 0.00475
4 0.3155833333333333 0.227625 0.003833333333333333 0.00475
4 0.3145 0.238375 0.0033333333333333335 0.01025
4 0.38016666666666665 0.247375 0.005666666666666667 0.00475
4 0.3898333333333333 0.27175 0.004666666666666667 0.004
4 0.4251666666666667 0.19625 0.007 0.005
4 0.43375 0.212625 0.007833333333333333 0.00475
4 0.425 0.219 0.0036666666666666666 0.0085
4 0.41975 0.22825 0.0075 0.0075
4 0.43683333333333335 0.24975 0.005333333333333333 0.0075
4 0.5055833333333334 0.209875 0.0075 0.01025
4 0.5354166666666667 0.192125 0.005166666666666667 0.00625
4 0.54775 0.192125 0.004833333333333334 0.00925
4 0.53725 0.194875 0.0035 0.00375
4 0.6715 0.201 0.005 0.0115
4 0.6925 0.196875 0.0033333333333333335 0.00875
4 0.43533333333333335 0.218125 0.004 0.00875
4 0.2926666666666667 0.21975 0.005333333333333333 0.0055
