4 0.31858333333333333 0.41175 0.006166666666666667 0.0075
4 0.3204166666666667 0.4155 0.0028333333333333335 0.0055
4 0.32008333333333333 0.42075 0.0035 0.008
4 0.33058333333333334 0.431875 0.0035 0.01025
4 0.2985833333333333 0.45025 0.0055 0.005
4 0.3219166666666667 0.447625 0.0045 0.00975
4 0.30641666666666667 0.46575 0.0055 0.01
4 0.3199166666666667 0.47275 0.006833333333333334 0.0065
4 0.33658333333333335 0.468125 0.0065 0.00925
4 0.33866666666666667 0.461875 0.004333333333333333 0.00425
4 0.34308333333333335 0.4745 0.0025 0.0085
4 0.34341666666666665 0.484125 0.0045 0.01075
