4 0.6976666666666667 0.69325 0.004333333333333333 0.0135
4 0.7580833333333333 0.70175 0.004166666666666667 0.011
4 0.7740833333333333 0.698125 0.0045 0.01025
4 0.7800833333333334 0.691 0.004833333333333334 0.008
4 0.7821666666666667 0.67775 0.0026666666666666666 0.009
4 0.7925833333333333 0.76075 0.005833333333333334 0.01
4 0.7946666666666666 0.770875 0.0026666666666666666 0.00775
4 0.7886666666666666 0.76175 0.0026666666666666666 0.0075
4 0.7609166666666667 0.787125 0.0045 0.00825
4 0.7603333333333333 0.81075 0.0026666666666666666 0.0065
4 0.73175 0.83825 0.0075 0.008
4 0.7795 0.81775 0.006666666666666667 0.0075
4 0.76875 0.85325 0.007166666666666667 0.0045
4 0.7984166666666667 0.871 0.006833333333333334 0.012
4 0.7973333333333333 0.621375 0.0036666666666666666 0.00875
4 0.79475 0.628875 0.0055 0.00825
4 0.78625 0.738625 0.004833333333333334 0.00675
