4 0.2365 0.13475 0.004666666666666667 0.0045
4 0.2345 0.148875 0.011666666666666667 0.00625
4 0.3025833333333333 0.2735 0.007166666666666667 0.005
4 0.32358333333333333 0.328625 0.0028333333333333335 0.00725
4 0.34658333333333335 0.3405 0.008166666666666666 0.006
4 0.49433333333333335 0.466375 0.003 0.01075
4 0.448 0.576 0.007666666666666666 0.0095
4 0.5085 0.5915 0.005666666666666667 0.0045
4 0.5150833333333333 0.59725 0.006833333333333334 0.0075
4 0.47783333333333333 0.630125 0.0036666666666666666 0.01025
4 0.46475 0.6455 0.005166666666666667 0.006
4 0.4474166666666667 0.645625 0.004166666666666667 0.00275
4 0.4365 0.650625 0.004 0.01175
4 0.4715 0.658125 0.0036666666666666666 0.00425
4 0.463 0.670875 0.008 0.00525
4 0.4469166666666667 0.700875 0.0045 0.00575
4 0.4394166666666667 0.703625 0.005833333333333334 0.01175
4 0.34091666666666665 0.725 0.0045 0.0095
4 0.22658333333333333 0.651375 0.006833333333333334 0.00625
4 0.5209166666666667 0.64375 0.0025 0.007
4 0.5524166666666667 0.62525 0.008833333333333334 0.008
4 0.562 0.632875 0.007333333333333333 0.00975
4 0.4964166666666667 0.767 0.005833333333333334 0.0055
4 0.565 0.75225 0.008666666666666666 0.0105
4 0.6008333333333333 0.747875 0.006333333333333333 0.00525
4 0.6591666666666667 0.735625 0.006333333333333333 0.01075
4 0.663 0.761625 0.008 0.00725
