4 0.33508333333333334 0.5165 0.0045 0.0105
4 0.23775 0.472375 0.004833333333333334 0.00675
4 0.24008333333333334 0.442875 0.0028333333333333335 0.00525
4 0.2623333333333333 0.439625 0.004 0.00725
4 0.27991666666666665 0.443375 0.0031666666666666666 0.00775
4 0.26025 0.4155 0.004166666666666667 0.008
4 0.23583333333333334 0.40475 0.0033333333333333335 0.0085
4 0.238 0.38425 0.003 0.012
4 0.24666666666666667 0.38575 0.005666666666666667 0.004
4 0.25975 0.385 0.0018333333333333333 0.007
4 0.2615 0.382 0.002 0.003
4 0.2639166666666667 0.3785 0.003833333333333333 0.0105
4 0.35325 0.4555 0.0018333333333333333 0.0065
4 0.36275 0.447875 0.003833333333333333 0.00925
4 0.392 0.43325 0.005666666666666667 0.0045
4 0.4964166666666667 0.398125 0.006166666666666667 0.00375
4 0.4969166666666667 0.39325 0.0035 0.0025
4 0.49983333333333335 0.392375 0.003 0.00275
4 0.5076666666666667 0.3885 0.0036666666666666666 0.003
4 0.516 0.38475 0.005666666666666667 0.0045
4 0.527 0.389 0.006666666666666667 0.003
4 0.5354166666666667 0.3935 0.0045 0.005
4 0.5405 0.39675 0.0036666666666666666 0.005
4 0.54475 0.400625 0.0055 0.00625
4 0.5874166666666667 0.41975 0.003833333333333333 0.004
4 0.7309166666666667 0.508375 0.003833333333333333 0.01025
