4 0.45316666666666666 0.6495 0.005666666666666667 0.0155
4 0.3939166666666667 0.73525 0.0055 0.01
4 0.3868333333333333 0.7255 0.006333333333333333 0.015
4 0.36475 0.70875 0.008166666666666666 0.0175
4 0.3586666666666667 0.702875 0.006 0.01125
4 0.3596666666666667 0.692625 0.009 0.01275
4 0.21641666666666667 0.659625 0.008166666666666666 0.01525
4 0.14166666666666666 0.665375 0.006 0.00425
4 0.13816666666666666 0.659 0.007333333333333333 0.0135
4 0.12633333333333333 0.653875 0.011 0.01225
4 0.38908333333333334 0.715 0.005166666666666667 0.0085
4 0.5358333333333334 0.697 0.005 0.0135
4 0.5981666666666666 0.703875 0.008666666666666666 0.01675
4 0.5910833333333333 0.71775 0.0065 0.009
