4 0.09058333333333334 0.396875 0.004833333333333334 0.00725
4 0.08591666666666667 0.40375 0.0035 0.003
4 0.06825 0.4715 0.0025 0.0065
4 0.2539166666666667 0.113875 0.0035 0.00875
4 0.3015 0.221625 0.005333333333333333 0.00625
4 0.32758333333333334 0.371 0.006166666666666667 0.005
4 0.3448333333333333 0.1945 0.007 0.005
4 0.356 0.20775 0.0033333333333333335 0.007
4 0.36525 0.206625 0.006166666666666667 0.00925
4 0.3408333333333333 0.154625 0.0026666666666666666 0.00625
4 0.35258333333333336 0.15225 0.003833333333333333 0.0075
4 0.35141666666666665 0.14325 0.0018333333333333333 0.0065
4 0.33075 0.05275 0.0035 0.007
4 0.3273333333333333 0.071 0.0026666666666666666 0.0045
4 0.3199166666666667 0.0645 0.003833333333333333 0.0045
4 0.33566666666666667 0.010375 0.0026666666666666666 0.00575
4 0.3834166666666667 0.031 0.0035 0.0095
4 0.3421666666666667 0.19725 0.0033333333333333335 0.0025
4 0.3015833333333333 0.226625 0.005166666666666667 0.00575
