4 0.5620833333333334 0.398375 0.0028333333333333335 0.00775
4 0.5723333333333334 0.420875 0.005333333333333333 0.00675
4 0.59625 0.4175 0.0025 0.007
4 0.5893333333333334 0.43075 0.0023333333333333335 0.006
4 0.5853333333333334 0.432 0.0026666666666666666 0.008
4 0.5820833333333333 0.393625 0.0025 0.00675
4 0.6081666666666666 0.36825 0.002 0.006
4 0.5830833333333333 0.3565 0.004833333333333334 0.0045
4 0.5628333333333333 0.203375 0.0026666666666666666 0.00825
4 0.44666666666666666 0.030375 0.005 0.00775
4 0.6404166666666666 0.53475 0.0028333333333333335 0.008
4 0.6195833333333334 0.556125 0.004166666666666667 0.00925
4 0.5629166666666666 0.608125 0.0028333333333333335 0.00825
4 0.5453333333333333 0.560625 0.0033333333333333335 0.00625
4 0.54075 0.559625 0.0055 0.00475
4 0.5370833333333334 0.56075 0.0028333333333333335 0.0035
4 0.537 0.56625 0.0036666666666666666 0.005
4 0.529 0.571 0.004333333333333333 0.003
4 0.5284166666666666 0.58225 0.0028333333333333335 0.005
4 0.58025 0.4345 0.0025 0.004
