4 0.11541666666666667 0.311 0.006833333333333334 0.0125
4 0.11141666666666666 0.39075 0.0055 0.0145
4 0.1135 0.416 0.006333333333333333 0.008
4 0.09066666666666667 0.542375 0.011333333333333334 0.00575
4 0.07116666666666667 0.5795 0.007 0.0055
4 0.028833333333333332 0.5655 0.005 0.013
4 0.07283333333333333 0.603875 0.009666666666666667 0.00675
4 0.059083333333333335 0.617625 0.0031666666666666666 0.01125
4 0.036083333333333335 0.722125 0.005833333333333334 0.01775
4 0.02025 0.7645 0.004166666666666667 0.014
