4 0.319 0.374 0.007 0.0275
4 0.289 0.31375 0.006 0.022
4 0.2851666666666667 0.275875 0.010666666666666666 0.02025
4 0.2841666666666667 0.28075 0.005333333333333333 0.0075
4 0.27166666666666667 0.46675 0.012666666666666666 0.023
4 0.34983333333333333 0.194375 0.005666666666666667 0.01325
4 0.4200833333333333 0.16125 0.0055 0.0205
4 0.44216666666666665 0.165625 0.01 0.02725
4 0.481 0.329875 0.012 0.01125
4 0.5816666666666667 0.38225 0.01 0.0225
4 0.5781666666666667 0.297 0.008333333333333333 0.0165
4 0.5895 0.310125 0.005 0.01175
4 0.5995833333333334 0.311875 0.0075 0.01325
4 0.59275 0.2265 0.004166666666666667 0.0165
4 0.6025833333333334 0.252 0.009833333333333333 0.009
4 0.6651666666666667 0.215375 0.01 0.01825
4 0.6720833333333334 0.2775 0.004166666666666667 0.013
4 0.6728333333333333 0.335375 0.011 0.01825
4 0.67625 0.350125 0.0065 0.01275
4 0.7025833333333333 0.34 0.006166666666666667 0.02
4 0.7093333333333334 0.331625 0.009333333333333334 0.01025
4 0.31933333333333336 0.713375 0.007333333333333333 0.02575
4 0.23833333333333334 0.8155 0.017333333333333333 0.022
4 0.24375 0.88975 0.013166666666666667 0.0125
4 0.22625 0.859375 0.0145 0.01275
4 0.21541666666666667 0.86225 0.007833333333333333 0.0105
4 0.19341666666666665 0.9145 0.010833333333333334 0.005
