4 0.06858333333333333 0.39725 0.008833333333333334 0.0145
4 0.06158333333333333 0.40575 0.007166666666666667 0.0105
4 0.051333333333333335 0.410125 0.006 0.01875
4 0.10741666666666666 0.460875 0.0085 0.01575
4 0.06616666666666667 0.497625 0.013333333333333334 0.01075
4 0.088 0.513625 0.009666666666666667 0.00875
4 0.06783333333333333 0.46575 0.009333333333333334 0.008
4 0.03575 0.45325 0.010166666666666666 0.008
4 0.038 0.420875 0.008 0.00725
4 0.08125 0.55075 0.0085 0.0115
4 0.07858333333333334 0.53375 0.011166666666666667 0.0065
