4 0.29733333333333334 0.88625 0.005333333333333333 0.007
4 0.2733333333333333 0.896125 0.0023333333333333335 0.00725
4 0.2703333333333333 0.9045 0.005333333333333333 0.012
4 0.25683333333333336 0.884875 0.004666666666666667 0.00925
4 0.25375 0.8705 0.004166666666666667 0.0045
4 0.28725 0.867375 0.0028333333333333335 0.00925
4 0.2925 0.842 0.003 0.009
4 0.24008333333333334 0.859625 0.0055 0.00675
4 0.29775 0.795 0.007166666666666667 0.0055
4 0.23033333333333333 0.901875 0.007333333333333333 0.00625
4 0.22025 0.86225 0.005833333333333334 0.0065
4 0.22058333333333333 0.8685 0.0035 0.006
4 0.22883333333333333 0.81775 0.005 0.012
4 0.22258333333333333 0.807125 0.0035 0.00675
4 0.222 0.79625 0.005333333333333333 0.0125
4 0.23091666666666666 0.799125 0.004166666666666667 0.00675
4 0.22908333333333333 0.84275 0.004166666666666667 0.0045
