4 0.27291666666666664 0.31875 0.012166666666666666 0.0165
4 0.24408333333333335 0.34375 0.0115 0.0125
4 0.24416666666666667 0.350625 0.0033333333333333335 0.00775
4 0.19683333333333333 0.325375 0.005666666666666667 0.00675
4 0.19375 0.32525 0.0085 0.015
4 0.23358333333333334 0.384625 0.005166666666666667 0.01125
4 0.24925 0.49325 0.013166666666666667 0.0185
4 0.27925 0.518125 0.008833333333333334 0.01825
4 0.31575 0.582125 0.007166666666666667 0.00825
4 0.30725 0.590875 0.008166666666666666 0.01925
4 0.28775 0.645 0.011166666666666667 0.012
4 0.2791666666666667 0.644875 0.011 0.01475
4 0.2678333333333333 0.648375 0.015333333333333332 0.00925
4 0.3304166666666667 0.68275 0.012833333333333334 0.0105
4 0.3319166666666667 0.7045 0.0045 0.019
4 0.3358333333333333 0.722125 0.008666666666666666 0.02475
4 0.3616666666666667 0.730875 0.012333333333333333 0.00925
4 0.35308333333333336 0.744625 0.005833333333333334 0.01825
4 0.36725 0.7535 0.010833333333333334 0.0195
4 0.3715833333333333 0.76 0.0065 0.013
4 0.3443333333333333 0.62275 0.005666666666666667 0.0135
4 0.33008333333333334 0.612 0.012166666666666666 0.0095
4 0.39058333333333334 0.787875 0.0145 0.01175
