4 0.20425 0.26325 0.004166666666666667 0.005
4 0.21508333333333332 0.275125 0.003833333333333333 0.00325
4 0.22025 0.277875 0.0025 0.00525
4 0.21858333333333332 0.294625 0.0031666666666666666 0.00625
4 0.24966666666666668 0.26175 0.0026666666666666666 0.0055
4 0.25533333333333336 0.27825 0.006 0.006
4 0.2765 0.261125 0.0033333333333333335 0.00775
4 0.28008333333333335 0.2695 0.0028333333333333335 0.0065
4 0.28291666666666665 0.274625 0.0035 0.00525
4 0.28025 0.28775 0.0035 0.004
4 0.26916666666666667 0.288125 0.0033333333333333335 0.00325
4 0.2811666666666667 0.34375 0.004 0.0075
4 0.2833333333333333 0.3335 0.0033333333333333335 0.0055
4 0.30483333333333335 0.408 0.0033333333333333335 0.008
4 0.30216666666666664 0.43325 0.003 0.0105
4 0.3 0.443 0.004 0.0065
4 0.31958333333333333 0.451625 0.0045 0.00425
4 0.29141666666666666 0.477125 0.0055 0.00725
4 0.30575 0.48175 0.0028333333333333335 0.005
4 0.305 0.486125 0.004333333333333333 0.00325
4 0.28883333333333333 0.506625 0.0036666666666666666 0.00575
4 0.29283333333333333 0.526625 0.0036666666666666666 0.00575
4 0.29375 0.568125 0.0031666666666666666 0.00925
4 0.2845 0.560625 0.0016666666666666668 0.00525
4 0.2816666666666667 0.561 0.0023333333333333335 0.0065
4 0.2771666666666667 0.55775 0.004 0.006
4 0.24591666666666667 0.54375 0.005833333333333334 0.006
4 0.247 0.5395 0.002 0.004
4 0.23458333333333334 0.538625 0.0035 0.00675
4 0.22308333333333333 0.57075 0.005166666666666667 0.004
4 0.21766666666666667 0.56875 0.0026666666666666666 0.008
4 0.09658333333333333 0.479375 0.004833333333333334 0.00925
