4 0.22691666666666666 0.512 0.0045 0.0135
4 0.23283333333333334 0.559125 0.007666666666666666 0.00775
4 0.22125 0.5375 0.010166666666666666 0.0135
4 0.21775 0.550625 0.0065 0.01325
4 0.19641666666666666 0.5805 0.012166666666666666 0.0105
4 0.21191666666666667 0.592125 0.012166666666666666 0.01425
4 0.15216666666666667 0.55475 0.012666666666666666 0.008
4 0.13308333333333333 0.5265 0.012833333333333334 0.0095
4 0.1835 0.522625 0.009666666666666667 0.01125
4 0.20058333333333334 0.517875 0.0055 0.00925
4 0.20725 0.51975 0.009166666666666667 0.012
4 0.209 0.503 0.006333333333333333 0.0255
4 0.20133333333333334 0.493375 0.006 0.01675
4 0.09816666666666667 0.466125 0.014333333333333333 0.00825
4 0.17625 0.332875 0.011833333333333333 0.00825
4 0.204 0.041 0.009666666666666667 0.0145
4 0.21491666666666667 0.0535 0.009166666666666667 0.011
4 0.19933333333333333 0.090625 0.008 0.01175
4 0.19516666666666665 0.096625 0.005666666666666667 0.01075
4 0.299 0.1735 0.005333333333333333 0.0145
4 0.28883333333333333 0.188875 0.005666666666666667 0.01525
4 0.45216666666666666 0.096625 0.005666666666666667 0.01275
4 0.45275 0.109 0.0035 0.0135
4 0.4495 0.14475 0.008333333333333333 0.016
4 0.46058333333333334 0.171625 0.010833333333333334 0.00725
4 0.4549166666666667 0.178125 0.003833333333333333 0.00825
4 0.44508333333333333 0.1815 0.015166666666666667 0.0095
4 0.443 0.188375 0.011333333333333334 0.01125
4 0.45 0.1945 0.005666666666666667 0.0115
4 0.3978333333333333 0.218625 0.011 0.00675
4 0.4475 0.220125 0.007333333333333333 0.02125
4 0.44658333333333333 0.233625 0.003833333333333333 0.01275
4 0.43025 0.243125 0.0045 0.01175
4 0.4523333333333333 0.26525 0.012333333333333333 0.013
4 0.537 0.21375 0.007 0.0225
4 0.6708333333333333 0.110625 0.016 0.01025
