4 0.5468333333333333 0.269 0.008666666666666666 0.007
4 0.5935 0.27975 0.006333333333333333 0.01
4 0.57825 0.29725 0.004166666666666667 0.004
4 0.5800833333333333 0.299125 0.0018333333333333333 0.00575
4 0.5728333333333333 0.3065 0.005 0.009
4 0.6245 0.286875 0.006 0.00725
4 0.49 0.494875 0.0033333333333333335 0.01225
4 0.48675 0.50225 0.0028333333333333335 0.005
4 0.47841666666666666 0.5225 0.005166666666666667 0.0085
4 0.48741666666666666 0.5455 0.004166666666666667 0.007
4 0.44383333333333336 0.527125 0.006 0.01275
4 0.4210833333333333 0.51775 0.006833333333333334 0.0055
4 0.338 0.73425 0.006333333333333333 0.005
4 0.30566666666666664 0.769375 0.009 0.00725
4 0.3075 0.777125 0.004 0.00675
4 0.31383333333333335 0.78225 0.0033333333333333335 0.0115
4 0.526 0.781125 0.005 0.01275
4 0.5100833333333333 0.848875 0.0055 0.00825
