4 0.71525 0.07825 0.005166666666666667 0.0115
4 0.7191666666666666 0.07675 0.0033333333333333335 0.0105
4 0.7324166666666667 0.084875 0.004833333333333334 0.00925
4 0.7370833333333333 0.089875 0.004166666666666667 0.00475
4 0.7344166666666667 0.09875 0.005833333333333334 0.006
4 0.7585 0.08025 0.004333333333333333 0.0085
4 0.75175 0.078375 0.0031666666666666666 0.00625
4 0.7484166666666666 0.090375 0.009166666666666667 0.00625
4 0.7426666666666667 0.09375 0.003 0.009
4 0.7921666666666667 0.076875 0.007666666666666666 0.00675
