4 0.4105 0.32825 0.004333333333333333 0.01
4 0.3555 0.23825 0.003 0.0085
4 0.36433333333333334 0.2195 0.0036666666666666666 0.0045
4 0.5634166666666667 0.683625 0.0028333333333333335 0.00525
4 0.5398333333333334 0.669625 0.005333333333333333 0.00375
4 0.5181666666666667 0.71 0.0026666666666666666 0.0075
4 0.55125 0.734 0.0021666666666666666 0.007
4 0.5274166666666666 0.73225 0.006166666666666667 0.0045
4 0.54575 0.748625 0.0021666666666666666 0.00625
4 0.5399166666666667 0.745625 0.0028333333333333335 0.00825
4 0.5366666666666666 0.75025 0.0023333333333333335 0.004
4 0.5418333333333333 0.745 0.0016666666666666668 0.0045
4 0.5726666666666667 0.873625 0.004333333333333333 0.01025
4 0.594 0.854875 0.003 0.00825
4 0.4989166666666667 0.870375 0.004166666666666667 0.00675
4 0.49425 0.86975 0.006166666666666667 0.005
4 0.49075 0.86975 0.0028333333333333335 0.003
4 0.49066666666666664 0.876125 0.0036666666666666666 0.00475
4 0.48175 0.8795 0.004833333333333334 0.0035
4 0.4815833333333333 0.890375 0.0025 0.00525
