4 0.8873333333333333 0.67975 0.004 0.003
4 0.8806666666666667 0.683375 0.007333333333333333 0.00725
4 0.8799166666666667 0.7015 0.0045 0.005
4 0.8749166666666667 0.708125 0.004166666666666667 0.00575
4 0.8609166666666667 0.71475 0.0085 0.006
4 0.84125 0.696375 0.003833333333333333 0.00775
4 0.82525 0.74025 0.003833333333333333 0.0075
4 0.8158333333333333 0.758 0.007 0.0055
4 0.81975 0.771875 0.005166666666666667 0.00575
4 0.8005833333333333 0.76625 0.003833333333333333 0.005
4 0.8031666666666667 0.76875 0.006666666666666667 0.0085
