4 0.10758333333333334 0.243125 0.0065 0.01525
4 0.08733333333333333 0.21375 0.009 0.011
4 0.08516666666666667 0.19575 0.011666666666666667 0.009
4 0.07125 0.2 0.008166666666666666 0.008
4 0.0725 0.215375 0.007666666666666666 0.00825
4 0.060833333333333336 0.221875 0.004333333333333333 0.01775
4 0.05291666666666667 0.181125 0.010833333333333334 0.00875
4 0.035333333333333335 0.2005 0.011666666666666667 0.0115
4 0.028583333333333332 0.186125 0.0075 0.00825
4 0.0115 0.181375 0.011 0.00775
4 0.01275 0.203125 0.011833333333333333 0.00675
4 0.004833333333333334 0.1485 0.008333333333333333 0.01
4 0.003 0.124 0.004666666666666667 0.006
4 0.03183333333333333 0.2555 0.009666666666666667 0.012
