4 0.4068333333333333 0.17375 0.010666666666666666 0.01
4 0.33841666666666664 0.173375 0.004166666666666667 0.00775
4 0.337 0.129375 0.006666666666666667 0.01375
4 0.34391666666666665 0.112625 0.005166666666666667 0.00825
4 0.137 0.278625 0.005666666666666667 0.00675
4 0.13233333333333333 0.280125 0.006 0.01225
4 0.14625 0.3115 0.004833333333333334 0.0065
4 0.13691666666666666 0.337875 0.006833333333333334 0.01675
4 0.15833333333333333 0.365 0.009333333333333334 0.0085
4 0.5839166666666666 0.33375 0.0065 0.011
4 0.5864166666666667 0.34475 0.004166666666666667 0.0045
4 0.8714166666666666 0.836125 0.0075 0.01375
4 0.8749166666666667 0.839625 0.005166666666666667 0.00625
4 0.8409166666666666 0.859375 0.007833333333333333 0.01025
