4 0.7114166666666667 0.033 0.009833333333333333 0.0165
4 0.5594166666666667 0.04925 0.010166666666666666 0.0115
4 0.5354166666666667 0.015 0.010833333333333334 0.01
4 0.49966666666666665 0.176 0.005 0.018
4 0.48641666666666666 0.18 0.007166666666666667 0.0175
4 0.476 0.156375 0.004666666666666667 0.01675
4 0.4364166666666667 0.168 0.0125 0.0085
4 0.43833333333333335 0.204375 0.009666666666666667 0.00825
4 0.41 0.187875 0.008666666666666666 0.00675
4 0.5320833333333334 0.256875 0.0115 0.00875
4 0.63275 0.21875 0.005833333333333334 0.0185
4 0.42683333333333334 0.25925 0.012 0.0065
4 0.39766666666666667 0.27725 0.004666666666666667 0.012
4 0.39208333333333334 0.28725 0.0115 0.0115
4 0.44166666666666665 0.295 0.004 0.0135
4 0.43175 0.29725 0.013833333333333333 0.01
4 0.43983333333333335 0.302125 0.005333333333333333 0.00675
4 0.44625 0.30975 0.0075 0.0125
4 0.46216666666666667 0.303625 0.006 0.01275
4 0.46258333333333335 0.317875 0.004833333333333334 0.01575
4 0.4499166666666667 0.332375 0.0065 0.02025
4 0.42175 0.31425 0.010166666666666666 0.011
4 0.4103333333333333 0.309125 0.006 0.01425
4 0.40441666666666665 0.322 0.004833333333333334 0.0045
4 0.3973333333333333 0.318125 0.011333333333333334 0.00825
4 0.3945 0.32575 0.005 0.0085
4 0.36766666666666664 0.2845 0.006666666666666667 0.013
4 0.33341666666666664 0.316125 0.0115 0.00675
4 0.347 0.33075 0.009666666666666667 0.0065
4 0.34475 0.3445 0.0115 0.0115
4 0.34591666666666665 0.359375 0.0085 0.00575
4 0.4256666666666667 0.346 0.008 0.0175
4 0.434 0.348125 0.0033333333333333335 0.01225
4 0.43833333333333335 0.3585 0.008666666666666666 0.012
4 0.42725 0.3815 0.003833333333333333 0.014
4 0.4103333333333333 0.382875 0.004666666666666667 0.01125
4 0.43625 0.401625 0.0065 0.01075
4 0.4201666666666667 0.39975 0.007666666666666666 0.013
4 0.41891666666666666 0.41825 0.006166666666666667 0.0145
4 0.39775 0.406 0.014166666666666666 0.0095
4 0.3790833333333333 0.410125 0.005833333333333334 0.00925
4 0.38308333333333333 0.422875 0.0065 0.00625
4 0.38866666666666666 0.432 0.008666666666666666 0.0095
4 0.38458333333333333 0.445875 0.008833333333333334 0.01275
4 0.376 0.452875 0.008666666666666666 0.00525
4 0.37983333333333336 0.475625 0.009333333333333334 0.01025
4 0.41825 0.468125 0.010833333333333334 0.00875
4 0.42425 0.484375 0.0115 0.00875
4 0.43633333333333335 0.49375 0.012666666666666666 0.009
4 0.42925 0.499375 0.006166666666666667 0.01225
4 0.4474166666666667 0.515375 0.010166666666666666 0.01375
4 0.41891666666666666 0.50075 0.0095 0.0095
4 0.4028333333333333 0.489875 0.008333333333333333 0.01625
4 0.41275 0.508375 0.014833333333333334 0.00925
4 0.41083333333333333 0.514 0.006 0.005
4 0.41058333333333336 0.52075 0.0075 0.007
4 0.3898333333333333 0.500375 0.013 0.00725
4 0.36916666666666664 0.49525 0.009 0.009
4 0.36583333333333334 0.503375 0.007 0.00625
4 0.37675 0.5075 0.0105 0.008
4 0.3755833333333333 0.51575 0.0095 0.009
4 0.66075 0.42775 0.0145 0.008
