4 0.3531666666666667 0.169 0.005666666666666667 0.009
4 0.366 0.072875 0.0026666666666666666 0.00825
4 0.37041666666666667 0.060875 0.004833333333333334 0.00775
4 0.36566666666666664 0.06 0.0026666666666666666 0.0075
4 0.3605833333333333 0.04 0.0021666666666666666 0.0045
4 0.3446666666666667 0.058375 0.0036666666666666666 0.00775
4 0.3269166666666667 0.027375 0.006833333333333334 0.00775
4 0.3453333333333333 0.0055 0.008333333333333333 0.0065
4 0.3194166666666667 0.043125 0.0055 0.00375
4 0.30733333333333335 0.06 0.004 0.011
4 0.36341666666666667 0.01375 0.0025 0.0075
