4 0.22725 0.815125 0.005166666666666667 0.01925
4 0.21958333333333332 0.822875 0.010166666666666666 0.01875
4 0.21333333333333335 0.837875 0.009 0.01225
4 0.28791666666666665 0.693375 0.013166666666666667 0.01225
4 0.21375 0.625875 0.007833333333333333 0.01975
4 0.20125 0.642625 0.007833333333333333 0.01725
4 0.20975 0.4345 0.013833333333333333 0.0065
4 0.20583333333333334 0.4545 0.01 0.0065
4 0.19841666666666666 0.444125 0.008833333333333334 0.01575
4 0.19066666666666668 0.4495 0.009666666666666667 0.0125
4 0.16725 0.415625 0.0145 0.00975
4 0.17308333333333334 0.421375 0.0065 0.00525
4 0.16116666666666668 0.43225 0.014 0.0065
4 0.13575 0.440375 0.005833333333333334 0.01475
4 0.18458333333333332 0.379375 0.0115 0.01025
4 0.13216666666666665 0.343875 0.011333333333333334 0.01475
4 0.12258333333333334 0.366625 0.011833333333333333 0.00875
4 0.09491666666666666 0.347 0.013166666666666667 0.011
4 0.08533333333333333 0.310375 0.012 0.00775
4 0.109 0.293 0.010666666666666666 0.013
4 0.14108333333333334 0.28225 0.007833333333333333 0.0135
4 0.12775 0.226625 0.006833333333333334 0.01625
4 0.12633333333333333 0.0715 0.004333333333333333 0.008
4 0.12891666666666668 0.0635 0.011833333333333333 0.0095
4 0.15533333333333332 0.0415 0.013666666666666667 0.0105
4 0.09108333333333334 0.04425 0.0085 0.0165
4 0.09616666666666666 0.04575 0.006 0.004
