4 0.4895 0.177375 0.005 0.01275
4 0.5465833333333333 0.165625 0.0055 0.00425
4 0.5801666666666667 0.206875 0.005333333333333333 0.00325
4 0.59475 0.2045 0.0045 0.0115
4 0.6078333333333333 0.2115 0.006333333333333333 0.008
4 0.6255 0.21775 0.004333333333333333 0.0125
4 0.6211666666666666 0.184625 0.006 0.00725
4 0.6469166666666667 0.165375 0.006166666666666667 0.00675
4 0.6546666666666666 0.181875 0.006666666666666667 0.00525
4 0.5775833333333333 0.114 0.004166666666666667 0.0105
4 0.57225 0.11625 0.004833333333333334 0.006
4 0.54925 0.117125 0.004833333333333334 0.00775
4 0.5393333333333333 0.1265 0.007666666666666666 0.004
