4 0.3468333333333333 0.337 0.004666666666666667 0.011
4 0.3521666666666667 0.285875 0.004666666666666667 0.01325
4 0.331 0.289 0.006666666666666667 0.016
4 0.32916666666666666 0.262625 0.005666666666666667 0.01325
4 0.344 0.28325 0.0033333333333333335 0.0085
4 0.3418333333333333 0.293625 0.004 0.01175
4 0.23441666666666666 0.3935 0.006166666666666667 0.013
4 0.15816666666666668 0.416875 0.006666666666666667 0.00825
4 0.16083333333333333 0.44475 0.007 0.0135
4 0.156 0.470875 0.006333333333333333 0.01325
4 0.1635 0.4795 0.007 0.016
4 0.11766666666666667 0.51275 0.005333333333333333 0.012
4 0.11366666666666667 0.511625 0.004666666666666667 0.01325
4 0.07958333333333334 0.5855 0.007166666666666667 0.011
4 0.07583333333333334 0.602375 0.008 0.00675
4 0.08116666666666666 0.648125 0.008333333333333333 0.00975
4 0.08183333333333333 0.655375 0.007333333333333333 0.00875
4 0.09283333333333334 0.672875 0.007 0.00775
4 0.09408333333333334 0.751875 0.005166666666666667 0.01575
4 0.2836666666666667 0.312625 0.008 0.01375
4 0.29625 0.379375 0.0055 0.01075
4 0.30333333333333334 0.352625 0.005333333333333333 0.01575
4 0.30766666666666664 0.35675 0.0033333333333333335 0.007
4 0.08916666666666667 0.798125 0.006333333333333333 0.01125
