4 0.43633333333333335 0.355 0.004333333333333333 0.0065
4 0.4256666666666667 0.370125 0.006666666666666667 0.00425
4 0.41575 0.3845 0.005166666666666667 0.0045
4 0.3685833333333333 0.400125 0.0055 0.00625
4 0.34808333333333336 0.402375 0.0035 0.00675
4 0.39675 0.445375 0.0055 0.00625
4 0.36916666666666664 0.4425 0.0036666666666666666 0.0035
4 0.34325 0.416375 0.0031666666666666666 0.00475
4 0.36 0.49125 0.004333333333333333 0.006
4 0.29541666666666666 0.389625 0.0028333333333333335 0.00725
4 0.29575 0.396625 0.0015 0.00475
4 0.3600833333333333 0.448125 0.003833333333333333 0.00375
4 0.5408333333333334 0.353 0.003 0.0045
4 0.5783333333333334 0.420375 0.0036666666666666666 0.00375
4 0.6908333333333333 0.435 0.004 0.008
4 0.68825 0.506 0.004166666666666667 0.008
4 0.7271666666666666 0.501375 0.005666666666666667 0.00375
4 0.6714166666666667 0.563125 0.003833333333333333 0.00425
4 0.5838333333333333 0.908375 0.0026666666666666666 0.00825
4 0.5395 0.8215 0.0026666666666666666 0.0085
