4 0.75225 0.206875 0.016833333333333332 0.01175
4 0.7276666666666667 0.24775 0.006333333333333333 0.0245
4 0.73425 0.30075 0.0095 0.0145
4 0.765 0.2905 0.016 0.0165
4 0.7646666666666667 0.297875 0.005333333333333333 0.01175
4 0.7920833333333334 0.27475 0.018166666666666668 0.014
4 0.79175 0.3265 0.0105 0.007
4 0.80875 0.33775 0.0115 0.017
4 0.7579166666666667 0.412375 0.014833333333333334 0.01475
4 0.7716666666666666 0.403 0.009 0.007
4 0.8298333333333333 0.479625 0.014666666666666666 0.02425
4 0.8196666666666667 0.51825 0.013333333333333334 0.0165
4 0.8775833333333334 0.647375 0.0125 0.02025
4 0.8849166666666667 0.68175 0.011833333333333333 0.0135
4 0.8111666666666667 0.71575 0.017 0.0115
4 0.79875 0.763375 0.0065 0.02025
4 0.7978333333333333 0.79425 0.01 0.026
4 0.8551666666666666 0.81525 0.010666666666666666 0.017
4 0.841 0.827 0.011666666666666667 0.0145
4 0.8351666666666666 0.813875 0.008 0.01925
4 0.8581666666666666 0.853 0.009333333333333334 0.019
4 0.9109166666666667 0.78875 0.006833333333333334 0.026
