4 0.296 0.497375 0.002 0.00475
4 0.29725 0.50675 0.003833333333333333 0.008
4 0.28558333333333336 0.50875 0.0028333333333333335 0.0065
4 0.28783333333333333 0.5485 0.007333333333333333 0.006
4 0.3 0.561125 0.0023333333333333335 0.00575
4 0.30883333333333335 0.562625 0.006333333333333333 0.00675
4 0.24675 0.575625 0.004833333333333334 0.00575
4 0.24316666666666667 0.575 0.004333333333333333 0.007
4 0.24725 0.579625 0.003833333333333333 0.00475
4 0.30916666666666665 0.608375 0.004666666666666667 0.00825
4 0.2743333333333333 0.723 0.006 0.0065
4 0.0345 0.751625 0.006 0.00725
4 0.029166666666666667 0.755375 0.003 0.00325
4 0.015083333333333334 0.829125 0.0028333333333333335 0.00725
4 0.19908333333333333 0.468875 0.0035 0.00775
4 0.26525 0.42075 0.0031666666666666666 0.006
4 0.27225 0.426625 0.0028333333333333335 0.00475
4 0.27558333333333335 0.40925 0.004833333333333334 0.005
4 0.3275 0.38775 0.0033333333333333335 0.01
4 0.28008333333333335 0.36725 0.0025 0.0055
4 0.2821666666666667 0.338375 0.005333333333333333 0.00575
4 0.29241666666666666 0.31575 0.0035 0.0085
4 0.26066666666666666 0.297375 0.004 0.00625
4 0.29933333333333334 0.256 0.005333333333333333 0.0075
4 0.2659166666666667 0.2155 0.0035 0.0075
4 0.26375 0.22275 0.0028333333333333335 0.009
4 0.11808333333333333 0.041125 0.0035 0.01425
