4 0.5424166666666667 0.4485 0.005833333333333334 0.012
4 0.5438333333333333 0.45725 0.010333333333333333 0.012
4 0.8994166666666666 0.220375 0.008833333333333334 0.01625
4 0.90625 0.254625 0.010166666666666666 0.00775
4 0.88375 0.288 0.013166666666666667 0.008
4 0.81575 0.26 0.008833333333333334 0.009
4 0.7331666666666666 0.233625 0.011333333333333334 0.01675
4 0.72575 0.215 0.0045 0.01
4 0.6011666666666666 0.195625 0.007333333333333333 0.02125
4 0.6626666666666666 0.120375 0.012333333333333333 0.01125
4 0.6285 0.076625 0.014666666666666666 0.01075
4 0.6185833333333334 0.081875 0.006833333333333334 0.01125
4 0.5491666666666667 0.131125 0.011333333333333334 0.01125
4 0.5776666666666667 0.003375 0.004666666666666667 0.00675
