4 0.3645 0.20325 0.008 0.0145
4 0.3576666666666667 0.197375 0.008 0.01975
4 0.37916666666666665 0.19325 0.01 0.0085
4 0.316 0.174875 0.013333333333333334 0.01225
4 0.26275 0.452 0.005833333333333334 0.0155
4 0.2530833333333333 0.469625 0.006833333333333334 0.01975
4 0.23408333333333334 0.52625 0.011166666666666667 0.016
4 0.22958333333333333 0.471375 0.007833333333333333 0.01625
4 0.2145 0.44025 0.009333333333333334 0.017
4 0.1545 0.4745 0.012333333333333333 0.009
4 0.14133333333333334 0.53375 0.008333333333333333 0.013
4 0.12266666666666666 0.530625 0.011 0.00875
4 0.06966666666666667 0.637 0.007666666666666666 0.0115
4 0.0655 0.660125 0.008333333333333333 0.01925
4 0.12566666666666668 0.65225 0.009666666666666667 0.0065
