4 0.58225 0.386125 0.016166666666666666 0.00975
4 0.4275 0.327 0.004666666666666667 0.015
4 0.35441666666666666 0.281625 0.0095 0.01225
4 0.32225 0.37325 0.008166666666666666 0.007
4 0.33208333333333334 0.39925 0.006833333333333334 0.021
4 0.33575 0.395375 0.005166666666666667 0.00875
4 0.09233333333333334 0.18025 0.013 0.0125
4 0.08766666666666667 0.42875 0.010666666666666666 0.007
4 0.12008333333333333 0.45525 0.0105 0.0105
4 0.15516666666666667 0.611125 0.013 0.00725
4 0.14366666666666666 0.60825 0.011333333333333334 0.007
4 0.14591666666666667 0.61375 0.008833333333333334 0.006
4 0.14225 0.620125 0.009166666666666667 0.00425
4 0.14166666666666666 0.625875 0.013666666666666667 0.00725
4 0.17175 0.657 0.0085 0.014
4 0.05425 0.656625 0.0075 0.01575
4 0.22825 0.702375 0.0115 0.01425
4 0.28825 0.784375 0.006833333333333334 0.00875
4 0.28975 0.825125 0.005166666666666667 0.01475
4 0.32575 0.842875 0.005166666666666667 0.00925
4 0.32125 0.858625 0.009833333333333333 0.01525
4 0.064 0.638875 0.005333333333333333 0.00675
