4 0.13983333333333334 0.282875 0.004333333333333333 0.00475
4 0.22941666666666666 0.2705 0.004166666666666667 0.008
4 0.13233333333333333 0.209125 0.004 0.00625
4 0.08766666666666667 0.281 0.005 0.0055
4 0.07958333333333334 0.28075 0.004166666666666667 0.004
4 0.08241666666666667 0.28475 0.006166666666666667 0.0045
4 0.08675 0.292625 0.0045 0.00375
4 0.08608333333333333 0.30225 0.004166666666666667 0.007
4 0.18375 0.0425 0.0031666666666666666 0.008
4 0.18108333333333335 0.073125 0.003833333333333333 0.00925
4 0.49816666666666665 0.594875 0.003 0.00875
