4 0.738 0.577875 0.005333333333333333 0.00475
4 0.7161666666666666 0.573375 0.006 0.00675
4 0.733 0.6075 0.004333333333333333 0.006
4 0.7275 0.600875 0.007333333333333333 0.00825
4 0.7165833333333333 0.5995 0.0035 0.0035
4 0.7235833333333334 0.615625 0.004166666666666667 0.01075
4 0.7185833333333334 0.60975 0.005833333333333334 0.0035
4 0.7083333333333334 0.618875 0.004 0.01075
4 0.6986666666666667 0.612875 0.007666666666666666 0.00575
4 0.6998333333333333 0.6235 0.005 0.011
4 0.6870833333333334 0.682625 0.003833333333333333 0.01025
4 0.6858333333333333 0.71775 0.004333333333333333 0.0065
4 0.6170833333333333 0.674 0.007166666666666667 0.0065
4 0.6188333333333333 0.694 0.006 0.0105
4 0.6165 0.78975 0.008666666666666666 0.0095
4 0.60925 0.782375 0.006166666666666667 0.00925
4 0.5435833333333333 0.725625 0.007166666666666667 0.00525
4 0.2866666666666667 0.712125 0.007 0.00475
4 0.2675 0.711 0.005 0.0045
4 0.2841666666666667 0.769875 0.005 0.01175
4 0.27541666666666664 0.831625 0.006166666666666667 0.00575
4 0.271 0.856625 0.008333333333333333 0.00575
4 0.6961666666666667 0.637125 0.0036666666666666666 0.00725
