4 0.3416666666666667 0.494375 0.009333333333333334 0.00825
4 0.3546666666666667 0.56725 0.008 0.009
4 0.3895 0.814125 0.006666666666666667 0.01525
4 0.40691666666666665 0.834875 0.004833333333333334 0.01475
4 0.3785833333333333 0.886625 0.0045 0.01075
4 0.25458333333333333 0.52175 0.0045 0.009
4 0.24983333333333332 0.524875 0.011666666666666667 0.01025
4 0.20833333333333334 0.370375 0.008666666666666666 0.01625
4 0.18033333333333335 0.366875 0.006666666666666667 0.01325
4 0.24733333333333332 0.3225 0.006 0.011
4 0.47858333333333336 0.887875 0.0095 0.01325
