4 0.34358333333333335 0.46925 0.0095 0.0105
4 0.27666666666666667 0.52075 0.009 0.0125
4 0.25558333333333333 0.53575 0.0055 0.0085
4 0.25316666666666665 0.547625 0.009333333333333334 0.01075
4 0.26408333333333334 0.513375 0.005166666666666667 0.01075
4 0.24158333333333334 0.53225 0.009166666666666667 0.0115
4 0.251 0.51725 0.005666666666666667 0.0075
4 0.248 0.506875 0.007333333333333333 0.01275
4 0.2549166666666667 0.4985 0.003833333333333333 0.0145
4 0.25116666666666665 0.498125 0.005 0.00575
4 0.2515833333333333 0.508 0.0035 0.0085
4 0.13125 0.428625 0.010166666666666666 0.01075
4 0.12708333333333333 0.42825 0.007833333333333333 0.007
4 0.12425 0.434375 0.0055 0.00675
4 0.12366666666666666 0.439125 0.005666666666666667 0.00775
4 0.11841666666666667 0.440625 0.006833333333333334 0.00975
4 0.11966666666666667 0.415375 0.008333333333333333 0.00925
4 0.11466666666666667 0.422375 0.004333333333333333 0.00575
4 0.11866666666666667 0.388375 0.009666666666666667 0.00775
4 0.10825 0.383875 0.009833333333333333 0.00875
4 0.10233333333333333 0.377375 0.004666666666666667 0.00725
4 0.09741666666666667 0.377375 0.006833333333333334 0.00525
4 0.106 0.36875 0.008333333333333333 0.0175
4 0.09975 0.366 0.006166666666666667 0.0055
4 0.10233333333333333 0.35475 0.005333333333333333 0.008
4 0.09525 0.354 0.009166666666666667 0.0055
4 0.09708333333333333 0.36075 0.008833333333333334 0.008
4 0.09083333333333334 0.364375 0.006333333333333333 0.00675
4 0.08383333333333333 0.363625 0.009666666666666667 0.01325
