4 0.5553333333333333 0.193125 0.006 0.01625
4 0.5884166666666667 0.225375 0.013833333333333333 0.01075
4 0.5418333333333333 0.17775 0.007 0.0115
4 0.5281666666666667 0.132625 0.007666666666666666 0.01825
4 0.5625 0.204 0.005666666666666667 0.0135
4 0.48983333333333334 0.03525 0.006666666666666667 0.0225
4 0.4861666666666667 0.01525 0.007333333333333333 0.02
4 0.5025833333333334 0.077125 0.0075 0.01025
4 0.40125 0.15825 0.0125 0.0165
4 0.387 0.1395 0.007333333333333333 0.0205
4 0.4220833333333333 0.12925 0.010166666666666666 0.009
4 0.40658333333333335 0.13525 0.007833333333333333 0.006
4 0.4066666666666667 0.14375 0.004666666666666667 0.0115
4 0.4103333333333333 0.145375 0.004666666666666667 0.00825
4 0.17691666666666667 0.294875 0.014166666666666666 0.00775
4 0.42033333333333334 0.749 0.010333333333333333 0.012
4 0.3879166666666667 0.637125 0.0065 0.01225
4 0.3934166666666667 0.648 0.0135 0.0115
4 0.40141666666666664 0.641375 0.0075 0.01025
4 0.4091666666666667 0.63775 0.009 0.0125
4 0.4058333333333333 0.6545 0.01 0.01
4 0.4479166666666667 0.640125 0.006833333333333334 0.01925
