4 0.5816666666666667 0.358875 0.008666666666666666 0.00725
4 0.5885833333333333 0.358375 0.008166666666666666 0.01975
4 0.6035 0.346625 0.013333333333333334 0.00775
4 0.62175 0.3575 0.0135 0.009
4 0.6135833333333334 0.38775 0.004833333333333334 0.0195
4 0.598 0.37325 0.01 0.011
4 0.6450833333333333 0.366875 0.006166666666666667 0.01775
4 0.6830833333333334 0.302125 0.008833333333333334 0.01725
4 0.6885 0.312625 0.0036666666666666666 0.00775
4 0.6910833333333334 0.30625 0.005166666666666667 0.017
4 0.6485 0.27975 0.006666666666666667 0.0115
4 0.7020833333333333 0.315625 0.008166666666666666 0.01575
4 0.7256666666666667 0.339375 0.011333333333333334 0.01025
4 0.7189166666666666 0.289625 0.007166666666666667 0.01325
4 0.7814166666666666 0.41275 0.012166666666666666 0.01
4 0.83875 0.470375 0.005833333333333334 0.01125
4 0.89125 0.46975 0.0155 0.009
4 0.84775 0.504625 0.0031666666666666666 0.00825
4 0.85125 0.507875 0.005833333333333334 0.01625
4 0.8454166666666667 0.553875 0.0105 0.01925
4 0.44075 0.291 0.010833333333333334 0.011
4 0.4706666666666667 0.203 0.006333333333333333 0.0095
4 0.409 0.139125 0.005333333333333333 0.01475
4 0.38425 0.120625 0.012833333333333334 0.01225
4 0.35275 0.089625 0.0105 0.01025
