4 0.2613333333333333 0.0815 0.006 0.019
4 0.2619166666666667 0.05575 0.003833333333333333 0.011
4 0.255 0.05675 0.005666666666666667 0.0205
4 0.2530833333333333 0.0415 0.0045 0.007
4 0.2514166666666667 0.03275 0.005166666666666667 0.014
4 0.24925 0.02125 0.006166666666666667 0.013
4 0.23041666666666666 0.03025 0.007166666666666667 0.0185
4 0.22325 0.060875 0.010166666666666666 0.01125
4 0.212 0.0225 0.005 0.006
4 0.20441666666666666 0.0195 0.0095 0.0165
4 0.197 0.01675 0.006 0.009
4 0.22858333333333333 0.00675 0.0115 0.0075
