4 0.35325 0.3695 0.009833333333333333 0.0155
4 0.3495 0.344625 0.010666666666666666 0.01425
4 0.33208333333333334 0.327625 0.0031666666666666666 0.01025
4 0.32516666666666666 0.328375 0.011 0.00675
4 0.32075 0.347125 0.004166666666666667 0.01525
4 0.3174166666666667 0.337375 0.005833333333333334 0.02175
4 0.292 0.310875 0.011 0.01625
4 0.28258333333333335 0.362625 0.012833333333333334 0.01375
4 0.34675 0.235125 0.006166666666666667 0.01875
4 0.3481666666666667 0.271375 0.009 0.01975
4 0.3555 0.252 0.014333333333333333 0.0165
4 0.36383333333333334 0.239375 0.009666666666666667 0.01525
4 0.38558333333333333 0.2665 0.013833333333333333 0.0105
4 0.39866666666666667 0.174875 0.013333333333333334 0.01625
4 0.408 0.18775 0.0033333333333333335 0.0115
4 0.42275 0.18625 0.006833333333333334 0.0235
4 0.4101666666666667 0.20525 0.006333333333333333 0.0045
4 0.45958333333333334 0.02875 0.009166666666666667 0.016
4 0.44066666666666665 0.023 0.0036666666666666666 0.0095
4 0.486 0.007875 0.007 0.01525
4 0.4821666666666667 0.034625 0.007666666666666666 0.02225
4 0.19825 0.252875 0.0115 0.02425
4 0.22408333333333333 0.22925 0.0095 0.0205
4 0.20975 0.27075 0.007833333333333333 0.022
4 0.19375 0.32625 0.012166666666666666 0.013
4 0.21633333333333332 0.311125 0.012333333333333333 0.00975
4 0.22708333333333333 0.320125 0.010166666666666666 0.01525
4 0.1585 0.40125 0.012333333333333333 0.0135
4 0.24008333333333334 0.465625 0.015833333333333335 0.00925
4 0.2555 0.460125 0.009 0.01875
4 0.24883333333333332 0.4185 0.008666666666666666 0.0205
