4 0.182 0.501625 0.009 0.01175
4 0.14916666666666667 0.499 0.013333333333333334 0.0085
4 0.1615 0.544875 0.006666666666666667 0.00625
4 0.15333333333333332 0.553 0.011666666666666667 0.013
4 0.16808333333333333 0.5845 0.008833333333333334 0.005
4 0.15291666666666667 0.601 0.0135 0.0165
4 0.11241666666666666 0.605 0.012166666666666666 0.0095
4 0.08933333333333333 0.5985 0.007 0.014
4 0.022333333333333334 0.64 0.014 0.009
4 0.01675 0.506 0.012833333333333334 0.0105
4 0.00325 0.469 0.006166666666666667 0.0145
4 0.03916666666666667 0.395 0.013 0.0105
4 0.03025 0.412 0.006166666666666667 0.011
