4 0.8189166666666666 0.29325 0.0095 0.0075
4 0.8613333333333333 0.298875 0.006 0.01025
4 0.8880833333333333 0.215125 0.006166666666666667 0.00475
4 0.89 0.140125 0.008 0.01125
4 0.8386666666666667 0.07725 0.004 0.015
4 0.8198333333333333 0.059375 0.0036666666666666666 0.01225
4 0.8125 0.061375 0.006 0.00975
4 0.8116666666666666 0.0715 0.006 0.013
4 0.8048333333333333 0.063625 0.008 0.00825
4 0.7919166666666667 0.026 0.009833333333333333 0.0065
4 0.80475 0.03975 0.007166666666666667 0.0085
4 0.8008333333333333 0.009375 0.005666666666666667 0.01025
4 0.8064166666666667 0.018125 0.0075 0.00975
