4 0.41675 0.528375 0.006833333333333334 0.01825
4 0.337 0.479 0.009333333333333334 0.0145
4 0.35491666666666666 0.473875 0.003833333333333333 0.00975
4 0.37466666666666665 0.607875 0.008666666666666666 0.02275
4 0.35575 0.630625 0.006166666666666667 0.00675
4 0.3378333333333333 0.644125 0.011 0.01775
4 0.31716666666666665 0.6295 0.011333333333333334 0.011
4 0.29941666666666666 0.59625 0.005166666666666667 0.0165
4 0.51175 0.7855 0.007833333333333333 0.016
4 0.49816666666666665 0.807125 0.004666666666666667 0.00875
4 0.5004166666666666 0.866125 0.0055 0.01275
4 0.30441666666666667 0.25325 0.005166666666666667 0.01
4 0.24108333333333334 0.259 0.007166666666666667 0.0215
