0 0.568 0.93925 0.012333333333333333 0.0215
0 0.5279166666666667 0.903125 0.0085 0.00925
0 0.46325 0.92225 0.013833333333333333 0.0095
0 0.5984166666666667 0.8075 0.0055 0.0175
0 0.6575833333333333 0.77725 0.007166666666666667 0.011
0 0.6653333333333333 0.769625 0.008666666666666666 0.01875
0 0.5965833333333334 0.760625 0.003833333333333333 0.01475
0 0.611 0.7315 0.010333333333333333 0.014
0 0.61 0.736125 0.005333333333333333 0.00875
0 0.5955 0.729 0.01 0.012
0 0.5798333333333333 0.713375 0.007333333333333333 0.01375
0 0.6805 0.72525 0.006666666666666667 0.018
0 0.6815 0.712 0.005 0.011
0 0.7039166666666666 0.714 0.009833333333333333 0.01
0 0.7063333333333334 0.691875 0.008 0.01625
0 0.7506666666666667 0.718625 0.013 0.01425
0 0.683 0.652125 0.009 0.00675
0 0.6763333333333333 0.644875 0.005666666666666667 0.01375
0 0.5304166666666666 0.58575 0.0065 0.0195
0 0.5264166666666666 0.58525 0.005166666666666667 0.0115
0 0.5618333333333333 0.553875 0.008333333333333333 0.00875
0 0.5715 0.541625 0.012666666666666666 0.01275
0 0.7870833333333334 0.591375 0.014166666666666666 0.00725
0 0.78225 0.585375 0.0075 0.00775
0 0.781 0.572 0.008 0.0085
0 0.7903333333333333 0.571375 0.008 0.01125
0 0.8101666666666667 0.549875 0.009666666666666667 0.01075
0 0.8095833333333333 0.5575 0.0085 0.011
0 0.9115 0.580625 0.013666666666666667 0.01275
0 0.92475 0.56125 0.010833333333333334 0.01
0 0.9435 0.481 0.014666666666666666 0.012
0 0.92575 0.498 0.0075 0.0145
0 0.8406666666666667 0.48575 0.009666666666666667 0.0195
0 0.8213333333333334 0.484375 0.005333333333333333 0.01125
0 0.6784166666666667 0.43575 0.005833333333333334 0.0195
0 0.6935 0.343375 0.006333333333333333 0.01025
0 0.4835 0.6515 0.005 0.017
0 0.44758333333333333 0.71625 0.009166666666666667 0.0065
0 0.20091666666666666 0.69475 0.006833333333333334 0.012
0 0.15825 0.77225 0.0095 0.016
0 0.6978333333333333 0.2105 0.006666666666666667 0.01
0 0.6845833333333333 0.193125 0.011833333333333333 0.00975
