0 0.8941666666666667 0.9635 0.006333333333333333 0.012
0 0.8954166666666666 0.97425 0.006166666666666667 0.0095
0 0.923 0.9935 0.008 0.012
0 0.9200833333333334 0.76525 0.012166666666666666 0.0145
0 0.7313333333333333 0.770625 0.006 0.01225
0 0.7358333333333333 0.90175 0.006333333333333333 0.0115
0 0.7304166666666667 0.924125 0.008166666666666666 0.02025
0 0.7235 0.991125 0.008 0.01675
0 0.73825 0.919 0.0085 0.0095
0 0.7061666666666667 0.86075 0.005666666666666667 0.0115
0 0.6455833333333333 0.879125 0.009833333333333333 0.01225
0 0.6085833333333334 0.938875 0.0085 0.01875
0 0.6523333333333333 0.784 0.01 0.0175
0 0.6505833333333333 0.789875 0.0095 0.00725
0 0.6575 0.699 0.011666666666666667 0.019
0 0.5529166666666666 0.830375 0.010833333333333334 0.01075
0 0.5466666666666666 0.830875 0.004333333333333333 0.01175
0 0.5069166666666667 0.839875 0.011833333333333333 0.01275
0 0.47091666666666665 0.913375 0.0115 0.01425
0 0.45758333333333334 0.838375 0.0065 0.01875
0 0.435 0.94275 0.005666666666666667 0.0155
0 0.42475 0.80025 0.0085 0.0115
0 0.37075 0.959375 0.0095 0.01775
0 0.2495 0.769375 0.008666666666666666 0.00825
0 0.24683333333333332 0.777625 0.010333333333333333 0.01275
0 0.23608333333333334 0.78025 0.0095 0.0085
0 0.06808333333333333 0.8525 0.0085 0.022
0 0.06141666666666667 0.848875 0.007833333333333333 0.01275
0 0.056916666666666664 0.762125 0.016833333333333332 0.01175
0 0.244 0.471625 0.006 0.01175
0 0.23416666666666666 0.45725 0.013 0.0165
0 0.10375 0.40075 0.006833333333333334 0.0155
0 0.09533333333333334 0.398625 0.007 0.01025
0 0.09566666666666666 0.386125 0.009666666666666667 0.00925
0 0.1055 0.35525 0.009666666666666667 0.013
0 0.23891666666666667 0.3235 0.007833333333333333 0.0165
0 0.22841666666666666 0.31025 0.008833333333333334 0.017
0 0.2618333333333333 0.018 0.011 0.0125
0 0.52425 0.615375 0.009166666666666667 0.00975
0 0.51525 0.53975 0.0055 0.014
0 0.5134166666666666 0.524625 0.005833333333333334 0.02125
0 0.5763333333333334 0.488 0.007333333333333333 0.008
0 0.6225833333333334 0.44875 0.010166666666666666 0.009
0 0.6325 0.4615 0.008333333333333333 0.016
0 0.47733333333333333 0.73575 0.008666666666666666 0.01
