1 0.986 0.677375 0.012 0.01625
1 0.92775 0.61325 0.0085 0.014
1 0.94975 0.58575 0.0085 0.019
1 0.9669166666666666 0.60425 0.014166666666666666 0.0135
1 0.9681666666666666 0.61625 0.005666666666666667 0.014
1 0.9619166666666666 0.61025 0.008833333333333334 0.014
1 0.96475 0.6255 0.0075 0.0155
1 0.97775 0.6315 0.010166666666666666 0.018
1 0.9925833333333334 0.614125 0.005166666666666667 0.01375
1 0.9931666666666666 0.624 0.008666666666666666 0.015
1 0.9965833333333334 0.593375 0.006166666666666667 0.01325
1 0.9960833333333333 0.499 0.0075 0.0135
1 0.9976666666666667 0.55325 0.004333333333333333 0.015
