0 0.85875 0.93125 0.0115 0.0165
0 0.952 0.806375 0.010666666666666666 0.01975
0 0.9401666666666667 0.766875 0.011 0.00725
0 0.9498333333333333 0.75875 0.010666666666666666 0.0175
0 0.8409166666666666 0.795 0.006833333333333334 0.006
0 0.77075 0.768625 0.005833333333333334 0.01175
0 0.7639166666666667 0.77425 0.006833333333333334 0.013
0 0.6654166666666667 0.914625 0.005833333333333334 0.01925
0 0.6700833333333334 0.874125 0.005166666666666667 0.01975
0 0.6598333333333334 0.856875 0.005333333333333333 0.01175
0 0.6508333333333334 0.86975 0.005666666666666667 0.0115
0 0.67525 0.759625 0.0085 0.01375
0 0.7560833333333333 0.7105 0.006833333333333334 0.023
0 0.5641666666666667 0.970625 0.011 0.01075
0 0.5346666666666666 0.991 0.005666666666666667 0.017
0 0.40166666666666667 0.77725 0.008666666666666666 0.009
0 0.357 0.810375 0.005 0.01225
0 0.3531666666666667 0.82625 0.007666666666666666 0.0115
0 0.35783333333333334 0.701375 0.007 0.01575
0 0.3245 0.7115 0.008666666666666666 0.013
0 0.25475 0.730625 0.005166666666666667 0.01375
0 0.21858333333333332 0.7915 0.007166666666666667 0.018
0 0.20716666666666667 0.802625 0.006 0.00825
0 0.18158333333333335 0.747625 0.0095 0.01775
0 0.07625 0.801 0.008166666666666666 0.016
0 0.2643333333333333 0.686 0.008333333333333333 0.0185
0 0.22425 0.644625 0.006833333333333334 0.01675
0 0.2215 0.63475 0.005333333333333333 0.013
0 0.15883333333333333 0.65475 0.006 0.017
0 0.14833333333333334 0.644 0.005666666666666667 0.01
0 0.11466666666666667 0.543375 0.007333333333333333 0.00675
0 0.10408333333333333 0.545375 0.011166666666666667 0.00725
0 0.145 0.496625 0.007333333333333333 0.01225
0 0.14191666666666666 0.492125 0.006166666666666667 0.01625
0 0.09683333333333333 0.51625 0.009 0.015
0 0.03933333333333333 0.438875 0.006 0.01525
0 0.027583333333333335 0.466375 0.008166666666666666 0.01725
0 0.30616666666666664 0.289375 0.007666666666666666 0.01625
0 0.42525 0.4435 0.0055 0.0145
0 0.39258333333333334 0.561625 0.006833333333333334 0.01675
0 0.3865 0.565625 0.007 0.01425
0 0.34258333333333335 0.609625 0.006833333333333334 0.01775
0 0.677 0.406375 0.010666666666666666 0.01225
0 0.6555833333333333 0.4 0.006166666666666667 0.014
0 0.6489166666666667 0.384 0.007833333333333333 0.017
0 0.7528333333333334 0.314875 0.005 0.01175
0 0.6135 0.216 0.005666666666666667 0.0185
0 0.79425 0.188875 0.006833333333333334 0.01525
0 0.53925 0.294625 0.006833333333333334 0.01675
0 0.52625 0.259625 0.006833333333333334 0.01775
0 0.92375 0.458125 0.006833333333333334 0.01025
0 0.9230833333333334 0.51075 0.0115 0.015
0 0.929 0.523625 0.005666666666666667 0.01475
0 0.7426666666666667 0.603375 0.007 0.01875
0 0.9320833333333334 0.963875 0.008166666666666666 0.01525
