0 0.015 0.9225 0.012 0.0175
0 0.009583333333333333 0.908375 0.007833333333333333 0.01175
0 0.049666666666666665 0.792625 0.011 0.01225
0 0.15375 0.8935 0.0085 0.0095
0 0.23191666666666666 0.9035 0.0095 0.021
0 0.2808333333333333 0.993 0.010333333333333333 0.013
0 0.2679166666666667 0.954125 0.0075 0.02075
0 0.32325 0.815875 0.012166666666666666 0.01075
0 0.2495 0.840625 0.010333333333333333 0.01775
0 0.24608333333333332 0.859375 0.0095 0.01825
0 0.24925 0.780125 0.0105 0.01375
0 0.23633333333333334 0.7545 0.011 0.0125
0 0.21141666666666667 0.67775 0.009166666666666667 0.012
0 0.18 0.662 0.012 0.012
0 0.11691666666666667 0.52575 0.0095 0.014
0 0.50975 0.461125 0.009166666666666667 0.01125
0 0.5916666666666667 0.420375 0.012333333333333333 0.01075
0 0.43316666666666664 0.35925 0.012333333333333333 0.0125
0 0.4345833333333333 0.305875 0.009833333333333333 0.00975
0 0.46658333333333335 0.278375 0.011166666666666667 0.00925
0 0.5975 0.293 0.009 0.0155
0 0.49816666666666665 0.211375 0.007333333333333333 0.01475
0 0.4206666666666667 0.17875 0.007 0.0155
0 0.4569166666666667 0.160375 0.007833333333333333 0.01225
0 0.46725 0.114 0.0075 0.0145
0 0.5374166666666667 0.2085 0.006166666666666667 0.014
0 0.5415833333333333 0.19675 0.009166666666666667 0.0085
0 0.6284166666666666 0.2605 0.0055 0.015
0 0.6285 0.190375 0.004666666666666667 0.01325
0 0.62875 0.17175 0.007166666666666667 0.02
0 0.6365833333333333 0.06825 0.008833333333333334 0.015
0 0.5505 0.056375 0.007333333333333333 0.01375
0 0.49825 0.035375 0.005166666666666667 0.01675
0 0.496 0.01475 0.005333333333333333 0.022
0 0.29891666666666666 0.0415 0.010833333333333334 0.0175
0 0.3011666666666667 0.05725 0.008666666666666666 0.0135
0 0.25133333333333335 0.16525 0.007666666666666666 0.007
0 0.24816666666666667 0.17225 0.011666666666666667 0.013
0 0.239 0.174375 0.01 0.01175
0 0.08758333333333333 0.203125 0.0105 0.02075
0 0.08358333333333333 0.25475 0.008166666666666666 0.016
0 0.08375 0.296375 0.008166666666666666 0.01725
0 0.7833333333333333 0.47575 0.014333333333333333 0.01
0 0.8359166666666666 0.467875 0.0135 0.01075
0 0.8565833333333334 0.382 0.0095 0.01
0 0.6985833333333333 0.35275 0.006833333333333334 0.0095
0 0.7010833333333333 0.32 0.0095 0.0185
0 0.7139166666666666 0.278375 0.008833333333333334 0.01475
0 0.8915 0.1335 0.009666666666666667 0.012
0 0.8729166666666667 0.301625 0.0075 0.01325
0 0.8654166666666666 0.317375 0.008166666666666666 0.01225
0 0.86575 0.329625 0.007166666666666667 0.00925
0 0.8911666666666667 0.3445 0.011 0.009
0 0.8884166666666666 0.374875 0.0065 0.01375
