2 0.8076666666666666 0.922375 0.006333333333333333 0.01225
2 0.89125 0.852 0.009166666666666667 0.0125
2 0.6259166666666667 0.833 0.009833333333333333 0.013
2 0.8285833333333333 0.657 0.010166666666666666 0.0135
2 0.7856666666666666 0.606 0.009333333333333334 0.01
2 0.8214166666666667 0.36925 0.0075 0.01
2 0.8491666666666666 0.3365 0.008333333333333333 0.0125
2 0.9155 0.33775 0.007 0.012
2 0.9200833333333334 0.302875 0.0065 0.00975
2 0.8595 0.309125 0.009 0.00775
2 0.8834166666666666 0.406625 0.0075 0.00925
2 0.8951666666666667 0.193625 0.008 0.00875
2 0.86625 0.084 0.0065 0.0105
2 0.76125 0.053 0.005833333333333334 0.0125
2 0.6146666666666667 0.385 0.006666666666666667 0.0135
2 0.47508333333333336 0.453625 0.008833333333333334 0.00825
2 0.4165 0.341375 0.006 0.01225
2 0.21325 0.215625 0.005166666666666667 0.01225
2 0.182 0.10575 0.006666666666666667 0.009
2 0.1785 0.021 0.005333333333333333 0.014
