2 0.9549166666666666 0.949625 0.0075 0.01325
2 0.98425 0.933 0.008166666666666666 0.0125
2 0.9885 0.836 0.005333333333333333 0.016
2 0.9821666666666666 0.824625 0.009333333333333334 0.01375
2 0.8035 0.83025 0.008333333333333333 0.0095
2 0.7493333333333333 0.772375 0.005 0.01575
2 0.7535 0.760125 0.004666666666666667 0.01025
2 0.7673333333333333 0.735875 0.004666666666666667 0.01075
2 0.90775 0.60825 0.008833333333333334 0.0065
2 0.9556666666666667 0.484375 0.006333333333333333 0.01375
2 0.8075 0.47625 0.005 0.0075
2 0.8161666666666667 0.437 0.006333333333333333 0.0135
2 0.7335833333333334 0.269125 0.0055 0.01325
2 0.60275 0.566125 0.0055 0.00675
2 0.35441666666666666 0.801 0.007833333333333333 0.012
2 0.34308333333333335 0.785375 0.006166666666666667 0.01025
2 0.3255 0.740375 0.009 0.01025
2 0.3309166666666667 0.754875 0.006833333333333334 0.01375
2 0.31633333333333336 0.764625 0.006 0.00875
2 0.2881666666666667 0.57525 0.008 0.01
2 0.033416666666666664 0.69 0.005833333333333334 0.0135
2 0.00875 0.706125 0.006833333333333334 0.01425
2 0.14716666666666667 0.330125 0.007333333333333333 0.01475
