0 0.16741666666666666 0.9305 0.007833333333333333 0.0205
0 0.2768333333333333 0.767375 0.008666666666666666 0.01625
0 0.15258333333333332 0.828875 0.010166666666666666 0.01975
0 0.028333333333333332 0.823625 0.009333333333333334 0.01125
0 0.043166666666666666 0.786375 0.012 0.01375
0 0.03325 0.78625 0.0075 0.0165
0 0.00425 0.811375 0.0085 0.01725
0 0.032916666666666664 0.744125 0.013166666666666667 0.00825
0 0.004333333333333333 0.7615 0.008666666666666666 0.01
0 0.00275 0.728 0.0055 0.0105
0 0.14783333333333334 0.697 0.008666666666666666 0.009
0 0.18958333333333333 0.681625 0.0115 0.00975
0 0.1825 0.65925 0.01 0.0095
0 0.23275 0.555875 0.007166666666666667 0.01325
0 0.11041666666666666 0.514375 0.010833333333333334 0.01225
0 0.10091666666666667 0.528125 0.010166666666666666 0.01025
0 0.30125 0.47025 0.0115 0.01
0 0.28508333333333336 0.466 0.011833333333333333 0.0185
0 0.31516666666666665 0.429 0.010333333333333333 0.012
0 0.27075 0.40675 0.012166666666666666 0.015
0 0.2569166666666667 0.371625 0.0105 0.02075
0 0.32066666666666666 0.287875 0.011333333333333334 0.01075
0 0.25016666666666665 0.32025 0.006333333333333333 0.0155
0 0.24341666666666667 0.279125 0.010833333333333334 0.01575
0 0.21291666666666667 0.18975 0.008166666666666666 0.009
0 0.2095 0.1855 0.007 0.013
0 0.45841666666666664 0.043875 0.005833333333333334 0.02125
0 0.14325 0.36775 0.0105 0.01
0 0.010166666666666666 0.395625 0.011666666666666667 0.00775
0 0.005166666666666667 0.387 0.008 0.012
0 0.0375 0.277125 0.011 0.01225
0 0.09741666666666667 0.01025 0.008833333333333334 0.0145
