2 0.9560833333333333 0.872875 0.007833333333333333 0.01175
2 0.9880833333333333 0.795875 0.006166666666666667 0.01575
2 0.99175 0.75975 0.008166666666666666 0.0155
2 0.922 0.76825 0.010333333333333333 0.011
2 0.9133333333333333 0.799 0.01 0.015
2 0.88375 0.839375 0.009166666666666667 0.01375
2 0.66275 0.874625 0.006166666666666667 0.01575
2 0.5210833333333333 0.9595 0.007833333333333333 0.0115
2 0.455 0.842375 0.007333333333333333 0.01375
2 0.24241666666666667 0.72225 0.0045 0.0155
2 0.206 0.604 0.008333333333333333 0.0105
2 0.19858333333333333 0.513 0.006166666666666667 0.01
2 0.19325 0.41425 0.0055 0.015
2 0.16916666666666666 0.35075 0.005666666666666667 0.0115
2 0.5725 0.406375 0.004333333333333333 0.01525
2 0.5615833333333333 0.475625 0.0045 0.01025
2 0.80875 0.491625 0.0065 0.01175
2 0.9275833333333333 0.518125 0.010833333333333334 0.01025
2 0.95775 0.63475 0.010166666666666666 0.0085
2 0.754 0.003125 0.004 0.00625
