0 0.905 0.93325 0.005333333333333333 0.0155
0 0.8999166666666667 0.927625 0.007833333333333333 0.02275
0 0.8916666666666667 0.886125 0.007333333333333333 0.01925
0 0.7390833333333333 0.7635 0.0075 0.015
0 0.6820833333333334 0.834375 0.012833333333333334 0.01125
0 0.656 0.829625 0.007333333333333333 0.01775
0 0.6501666666666667 0.812875 0.007 0.01825
0 0.5385833333333333 0.793375 0.005166666666666667 0.02075
0 0.5296666666666666 0.71025 0.008 0.018
0 0.61775 0.65725 0.0065 0.0195
0 0.7880833333333334 0.624875 0.0055 0.01675
0 0.42633333333333334 0.945125 0.005666666666666667 0.01475
0 0.4095 0.991 0.006666666666666667 0.017
0 0.40408333333333335 0.9935 0.007166666666666667 0.012
0 0.16525 0.9385 0.007166666666666667 0.0135
0 0.16083333333333333 0.937 0.005 0.018
0 0.13583333333333333 0.98375 0.007333333333333333 0.009
0 0.12191666666666667 0.975625 0.006833333333333334 0.02225
0 0.12425 0.988875 0.009166666666666667 0.01025
0 0.05458333333333333 0.96225 0.008833333333333334 0.0185
0 0.054 0.88925 0.006666666666666667 0.02
0 0.31775 0.733875 0.007166666666666667 0.01625
0 0.70575 0.451875 0.0095 0.00875
0 0.7076666666666667 0.291 0.010666666666666666 0.015
