0 0.5900833333333333 0.96625 0.0065 0.0225
0 0.5594166666666667 0.840625 0.0065 0.01525
0 0.43533333333333335 0.844 0.0036666666666666666 0.0205
0 0.4076666666666667 0.831625 0.006333333333333333 0.01925
0 0.5710833333333334 0.7245 0.007833333333333333 0.021
0 0.5524166666666667 0.6805 0.008833333333333334 0.008
0 0.5533333333333333 0.6885 0.01 0.013
0 0.3903333333333333 0.653375 0.006333333333333333 0.01825
0 0.39875 0.6205 0.006833333333333334 0.0075
0 0.488 0.49725 0.004 0.011
0 0.3481666666666667 0.499125 0.004333333333333333 0.01075
0 0.53025 0.3245 0.0085 0.0175
0 0.475 0.274375 0.008333333333333333 0.00975
0 0.40008333333333335 0.291 0.013166666666666667 0.013
0 0.5683333333333334 0.19525 0.005 0.012
0 0.6315 0.171875 0.007333333333333333 0.01375
0 0.6385833333333333 0.161625 0.0095 0.01925
0 0.7276666666666667 0.118125 0.010333333333333333 0.00975
0 0.6795833333333333 0.108625 0.010166666666666666 0.00825
0 0.6814166666666667 0.084875 0.007166666666666667 0.01875
0 0.6556666666666666 0.12 0.004666666666666667 0.0215
0 0.6565 0.105625 0.004666666666666667 0.01125
0 0.56675 0.14475 0.005833333333333334 0.019
0 0.5824166666666667 0.114625 0.011166666666666667 0.01175
0 0.5810833333333333 0.122875 0.006833333333333334 0.01225
0 0.5659166666666666 0.1135 0.009166666666666667 0.016
0 0.551 0.09525 0.005333333333333333 0.013
0 0.65625 0.041375 0.010833333333333334 0.00875
0 0.65275 0.03275 0.0055 0.012
0 0.4544166666666667 0.021625 0.006833333333333334 0.01825
0 0.416 0.088 0.008666666666666666 0.0075
0 0.17008333333333334 0.0465 0.008166666666666666 0.0125
0 0.12466666666666666 0.122375 0.012 0.01275
