0 0.442 0.87775 0.005333333333333333 0.013
0 0.26866666666666666 0.986 0.012666666666666666 0.0115
0 0.22225 0.97625 0.010166666666666666 0.0145
0 0.20833333333333334 0.992 0.007666666666666666 0.009
0 0.2833333333333333 0.8235 0.005 0.017
0 0.35025 0.79375 0.0095 0.014
0 0.3655 0.718125 0.007 0.00975
0 0.15716666666666668 0.77825 0.005 0.014
0 0.13025 0.78025 0.008833333333333334 0.01
0 0.17591666666666667 0.733625 0.009166666666666667 0.01075
0 0.16408333333333333 0.705375 0.008833333333333334 0.01425
0 0.14233333333333334 0.7305 0.005666666666666667 0.01
0 0.13683333333333333 0.738625 0.005666666666666667 0.01125
0 0.13425 0.735875 0.006833333333333334 0.01825
0 0.194 0.607875 0.009333333333333334 0.00975
0 0.1395 0.620125 0.004666666666666667 0.01175
0 0.14741666666666667 0.578625 0.007166666666666667 0.00975
0 0.08791666666666667 0.624375 0.0125 0.00975
0 0.05483333333333333 0.59125 0.013 0.0145
0 0.10808333333333334 0.579 0.012833333333333334 0.013
0 0.116 0.546875 0.008666666666666666 0.01775
0 0.20325 0.53325 0.007166666666666667 0.021
0 0.23466666666666666 0.47625 0.006666666666666667 0.0175
0 0.08383333333333333 0.449 0.010333333333333333 0.018
0 0.00475 0.479 0.009166666666666667 0.017
0 0.19875 0.366375 0.0095 0.00925
0 0.128 0.3045 0.007333333333333333 0.017
0 0.192 0.205625 0.01 0.01125
0 0.182 0.202125 0.007333333333333333 0.01325
0 0.05175 0.18025 0.008166666666666666 0.017
0 0.14008333333333334 0.1145 0.008166666666666666 0.016
0 0.31708333333333333 0.1875 0.009166666666666667 0.0135
0 0.5901666666666666 0.035625 0.006333333333333333 0.01725
0 0.7670833333333333 0.426125 0.003833333333333333 0.00925
0 0.7621666666666667 0.426875 0.008333333333333333 0.01675
0 0.3695833333333333 0.486125 0.005833333333333334 0.01125
0 0.36566666666666664 0.48925 0.008 0.015
