1 0.2635 0.944 0.011666666666666667 0.014
1 0.187 0.925125 0.016 0.00775
1 0.15416666666666667 0.934 0.016666666666666666 0.0145
1 0.13908333333333334 0.959 0.0125 0.02
1 0.20275 0.79575 0.0145 0.0175
1 0.251 0.687125 0.006333333333333333 0.01425
1 0.21933333333333332 0.747875 0.012666666666666666 0.00775
1 0.18675 0.6985 0.0165 0.0115
1 0.23516666666666666 0.648125 0.008333333333333333 0.02125
3 0.1895 0.454875 0.010333333333333333 0.00675
3 0.1595 0.423625 0.006333333333333333 0.01325
4 0.25866666666666666 0.007625 0.010666666666666666 0.00975
