0 0.8251666666666667 0.82575 0.014666666666666666 0.0075
0 0.88375 0.751375 0.006833333333333334 0.01775
0 0.7843333333333333 0.711375 0.006333333333333333 0.02075
0 0.6915 0.74175 0.009 0.012
0 0.6895 0.773125 0.005333333333333333 0.01375
0 0.8378333333333333 0.666625 0.006666666666666667 0.01925
0 0.86825 0.487875 0.006166666666666667 0.01275
0 0.7988333333333333 0.456875 0.010666666666666666 0.00775
0 0.8855833333333333 0.335625 0.0105 0.01725
0 0.8696666666666667 0.30025 0.007666666666666666 0.0065
0 0.8821666666666667 0.29 0.012333333333333333 0.016
0 0.7788333333333334 0.329 0.009333333333333334 0.0075
0 0.7073333333333334 0.29875 0.004666666666666667 0.0105
0 0.7010833333333333 0.3105 0.008166666666666666 0.008
0 0.6946666666666667 0.246 0.004333333333333333 0.016
0 0.6161666666666666 0.291875 0.005333333333333333 0.01625
0 0.6109166666666667 0.399375 0.005833333333333334 0.01625
0 0.6005 0.388125 0.006 0.01075
0 0.5915833333333333 0.3975 0.0045 0.0115
0 0.6065 0.440125 0.005666666666666667 0.01125
0 0.8605 0.062875 0.005 0.01325
0 0.8535833333333334 0.06 0.010166666666666666 0.016
0 0.854 0.01175 0.007333333333333333 0.0105
0 0.6801666666666667 0.13975 0.005 0.0165
0 0.33916666666666667 0.105125 0.006333333333333333 0.01475
0 0.33325 0.109125 0.0075 0.01325
0 0.2895 0.14875 0.006333333333333333 0.016
0 0.3015833333333333 0.234875 0.007166666666666667 0.01425
0 0.26958333333333334 0.245125 0.0115 0.01325
0 0.21166666666666667 0.21575 0.008333333333333333 0.0125
0 0.17175 0.18375 0.0065 0.0145
0 0.16758333333333333 0.174375 0.005833333333333334 0.00875
0 0.19808333333333333 0.264125 0.0055 0.01225
0 0.3461666666666667 0.31025 0.008 0.0075
0 0.2980833333333333 0.34225 0.005166666666666667 0.011
0 0.29433333333333334 0.359375 0.007 0.01225
0 0.16016666666666668 0.322 0.008 0.015
0 0.13333333333333333 0.339875 0.012666666666666666 0.01175
0 0.124 0.282375 0.008666666666666666 0.01775
0 0.10683333333333334 0.19475 0.01 0.009
0 0.094 0.186 0.007 0.014
0 0.01475 0.332625 0.0095 0.01175
0 0.09766666666666667 0.037125 0.005 0.01325
0 0.09183333333333334 0.04225 0.007 0.0155
0 0.0645 0.092375 0.006666666666666667 0.00675
0 0.05733333333333333 0.092875 0.007666666666666666 0.00825
0 0.045 0.063875 0.007666666666666666 0.01575
0 0.15808333333333333 0.623375 0.009166666666666667 0.01475
0 0.13675 0.616125 0.0115 0.01325
0 0.11966666666666667 0.600875 0.009 0.01375
0 0.11916666666666667 0.61275 0.01 0.012
0 0.21833333333333332 0.76175 0.007333333333333333 0.017
0 0.18366666666666667 0.746625 0.006 0.01925
0 0.17816666666666667 0.739 0.005666666666666667 0.0145
0 0.16241666666666665 0.845625 0.009833333333333333 0.01775
0 0.03766666666666667 0.76425 0.011666666666666667 0.0085
0 0.034 0.797875 0.008666666666666666 0.02025
0 0.01825 0.966625 0.0095 0.01075
0 0.35383333333333333 0.911125 0.007666666666666666 0.00925
0 0.34 0.882 0.005 0.0215
0 0.31875 0.8645 0.005166666666666667 0.014
0 0.3134166666666667 0.865 0.0055 0.0225
0 0.5128333333333334 0.82225 0.004666666666666667 0.0135
0 0.4765 0.754 0.006 0.0125
0 0.4661666666666667 0.7935 0.006333333333333333 0.0195
0 0.45675 0.782875 0.005166666666666667 0.01925
0 0.5034166666666666 0.49475 0.0115 0.0105
0 0.4736666666666667 0.517125 0.004 0.01825
0 0.46658333333333335 0.519625 0.0055 0.01375
