0 0.445 0.472125 0.005333333333333333 0.00925
0 0.35275 0.368 0.008833333333333334 0.0095
0 0.2825 0.390875 0.007666666666666666 0.01575
0 0.3735 0.292125 0.007 0.01125
0 0.25066666666666665 0.57275 0.009333333333333334 0.012
0 0.20825 0.55375 0.009166666666666667 0.014
0 0.20708333333333334 0.564375 0.004166666666666667 0.01325
0 0.19191666666666668 0.572625 0.008166666666666666 0.00875
0 0.17825 0.692125 0.0085 0.01575
0 0.161 0.339125 0.006333333333333333 0.01975
0 0.13366666666666666 0.331875 0.008 0.00975
0 0.18616666666666667 0.288625 0.005333333333333333 0.01175
0 0.14575 0.30775 0.007166666666666667 0.0135
0 0.13183333333333333 0.305625 0.008333333333333333 0.01025
0 0.14466666666666667 0.271 0.007333333333333333 0.016
0 0.17275 0.257625 0.011166666666666667 0.01525
0 0.0115 0.20125 0.007666666666666666 0.01
0 0.09216666666666666 0.15225 0.013333333333333334 0.0075
0 0.15666666666666668 0.167875 0.007666666666666666 0.01725
0 0.21233333333333335 0.16175 0.007666666666666666 0.0105
0 0.16758333333333333 0.128375 0.008166666666666666 0.01075
0 0.14058333333333334 0.09175 0.008833333333333334 0.015
0 0.0965 0.105625 0.011666666666666667 0.01275
0 0.034083333333333334 0.03875 0.012166666666666666 0.0145
0 0.20916666666666667 0.035 0.007333333333333333 0.0165
0 0.26158333333333333 0.0335 0.007166666666666667 0.0155
0 0.38758333333333334 0.05575 0.005833333333333334 0.0155
0 0.39508333333333334 0.05475 0.0075 0.009
0 0.7963333333333333 0.02575 0.005333333333333333 0.014
0 0.8011666666666667 0.02775 0.005 0.0075
