0 0.25733333333333336 0.92925 0.006333333333333333 0.0205
0 0.24675 0.916 0.007833333333333333 0.021
0 0.19558333333333333 0.927875 0.0075 0.01175
0 0.19066666666666668 0.911125 0.011333333333333334 0.01825
0 0.12366666666666666 0.966 0.008666666666666666 0.019
0 0.11816666666666667 0.992 0.007666666666666666 0.011
0 0.10925 0.9955 0.011833333333333333 0.009
0 0.27708333333333335 0.609125 0.0095 0.01425
0 0.173 0.193375 0.009333333333333334 0.01575
0 0.23458333333333334 0.09525 0.0115 0.0125
0 0.19275 0.085375 0.0095 0.01325
0 0.20825 0.06375 0.0095 0.014
0 0.20683333333333334 0.081125 0.009 0.01575
