1 0.09841666666666667 0.585875 0.0075 0.01475
1 0.09108333333333334 0.589125 0.007166666666666667 0.02475
1 0.07525 0.59025 0.017166666666666667 0.0205
1 0.004666666666666667 0.546375 0.009333333333333334 0.01125
1 0.0035 0.585375 0.007 0.01225
1 0.29133333333333333 0.601875 0.01 0.02675
1 0.3015 0.635375 0.009 0.02425
1 0.35641666666666666 0.69 0.007833333333333333 0.026
1 0.2529166666666667 0.653125 0.009833333333333333 0.00775
1 0.24208333333333334 0.6665 0.0125 0.0175
1 0.23216666666666666 0.787125 0.013666666666666667 0.01925
1 0.19633333333333333 0.76525 0.011333333333333334 0.023
1 0.0025 0.7735 0.005 0.0205
1 0.08125 0.807625 0.0135 0.02475
1 0.10125 0.83825 0.0145 0.0255
1 0.033916666666666664 0.844375 0.021166666666666667 0.01725
1 0.0245 0.868 0.013333333333333334 0.015
1 0.0135 0.892 0.013 0.017
1 0.08091666666666666 0.892375 0.011833333333333333 0.02425
1 0.21325 0.8675 0.0115 0.021
1 0.17666666666666667 0.86525 0.016 0.0235
1 0.16058333333333333 0.880125 0.009833333333333333 0.02275
1 0.0020833333333333333 0.935 0.004166666666666667 0.018
