2 0.7891666666666667 0.83125 0.006 0.0135
2 0.7513333333333333 0.74625 0.009 0.0075
2 0.92 0.7205 0.008666666666666666 0.014
2 0.9378333333333333 0.594875 0.011333333333333334 0.01075
2 0.9275 0.403375 0.006 0.00475
2 0.9024166666666666 0.42425 0.006166666666666667 0.01
2 0.9651666666666666 0.331 0.008666666666666666 0.007
2 0.946 0.308375 0.006 0.00925
2 0.9309166666666666 0.314 0.0075 0.0105
2 0.9266666666666666 0.304125 0.011 0.00925
2 0.7590833333333333 0.322875 0.0065 0.00775
2 0.7045 0.269875 0.005666666666666667 0.01225
2 0.709 0.262125 0.004 0.00775
2 0.7214166666666667 0.238625 0.004833333333333334 0.00975
2 0.9625 0.17775 0.006333333333333333 0.0055
2 0.85125 0.108875 0.009166666666666667 0.00725
2 0.556 0.08375 0.008333333333333333 0.0095
2 0.28858333333333336 0.5865 0.007166666666666667 0.008
2 0.30725 0.670125 0.0055 0.01525
2 0.28475 0.69425 0.008833333333333334 0.0105
2 0.11258333333333333 0.84675 0.008166666666666666 0.0125
2 0.31733333333333336 0.326125 0.006333333333333333 0.01025
2 0.30625 0.312375 0.004833333333333334 0.00775
2 0.2935 0.281875 0.005333333333333333 0.01725
2 0.28775 0.270625 0.008833333333333334 0.00975
2 0.27958333333333335 0.294125 0.006833333333333334 0.00825
2 0.24825 0.114625 0.007166666666666667 0.00875
2 0.11533333333333333 0.04825 0.007 0.0185
