0 0.25825 0.260125 0.008166666666666666 0.01475
0 0.13208333333333333 0.32375 0.0105 0.0155
0 0.12833333333333333 0.192125 0.009333333333333334 0.00775
0 0.17333333333333334 0.17775 0.010666666666666666 0.0145
0 0.16291666666666665 0.155 0.011166666666666667 0.0115
0 0.14558333333333334 0.42425 0.009166666666666667 0.0155
0 0.006583333333333333 0.317 0.0095 0.012
0 0.02125 0.28025 0.0115 0.0135
0 0.012333333333333333 0.276625 0.005333333333333333 0.01075
0 0.010916666666666667 0.23825 0.0125 0.009
0 0.07825 0.06 0.008833333333333334 0.016
0 0.09141666666666666 0.01575 0.0075 0.019
0 0.21608333333333332 0.049625 0.0095 0.01725
0 0.3764166666666667 0.107375 0.0095 0.01875
0 0.38966666666666666 0.067 0.01 0.022
0 0.41791666666666666 0.043875 0.0125 0.01925
0 0.3680833333333333 0.0325 0.0075 0.019
