1 0.3238333333333333 0.4085 0.014 0.022
1 0.34725 0.385375 0.010166666666666666 0.01975
1 0.36091666666666666 0.454125 0.0165 0.01775
1 0.34575 0.46525 0.012166666666666666 0.022
1 0.37925 0.474375 0.0135 0.01675
1 0.35891666666666666 0.481625 0.012833333333333334 0.02075
1 0.148 0.63525 0.019 0.012
1 0.043166666666666666 0.62225 0.02033333333333333 0.0175
1 0.1065 0.811125 0.014 0.01825
1 0.07066666666666667 0.809625 0.017 0.01375
1 0.06883333333333333 0.75 0.02 0.011
1 0.051416666666666666 0.747625 0.011166666666666667 0.01225
1 0.04075 0.752625 0.0135 0.00825
1 0.035 0.774625 0.012666666666666666 0.01675
1 0.017666666666666667 0.737375 0.01633333333333333 0.01575
1 0.005416666666666667 0.36025 0.010833333333333334 0.0105
1 0.017916666666666668 0.9775 0.010833333333333334 0.021
