2 0.8605833333333334 0.990625 0.007166666666666667 0.01725
2 0.6086666666666667 0.911125 0.006666666666666667 0.01375
2 0.60225 0.984875 0.0055 0.01125
2 0.19433333333333333 0.87575 0.006333333333333333 0.016
2 0.22191666666666668 0.94375 0.006166666666666667 0.0125
2 0.12583333333333332 0.340125 0.006 0.01025
2 0.2896666666666667 0.197375 0.009 0.00925
2 0.3114166666666667 0.174 0.006166666666666667 0.012
2 0.29591666666666666 0.099375 0.0075 0.00875
2 0.75825 0.288625 0.005833333333333334 0.01575
2 0.78825 0.359375 0.005833333333333334 0.01625
2 0.9348333333333333 0.27675 0.006 0.0155
