1 0.25908333333333333 0.015 0.009833333333333333 0.024
1 0.315 0.05425 0.009333333333333334 0.0265
1 0.21183333333333335 0.034875 0.011666666666666667 0.01225
1 0.20208333333333334 0.047625 0.012833333333333334 0.02125
1 0.19458333333333333 0.164875 0.0115 0.02375
1 0.1595 0.144125 0.010333333333333333 0.02575
1 0.18141666666666667 0.249125 0.0145 0.01525
1 0.14575 0.2505 0.015833333333333335 0.023
1 0.13308333333333333 0.271375 0.0115 0.02275
1 0.07066666666666667 0.231375 0.013666666666666667 0.02725
1 0.04833333333333333 0.202125 0.013333333333333334 0.02675
1 0.058166666666666665 0.279625 0.011333333333333334 0.02575
1 0.008666666666666666 0.2435 0.017333333333333333 0.011
1 0.0030833333333333333 0.264875 0.006166666666666667 0.01025
1 0.01725 0.465875 0.019833333333333335 0.00975
1 0.00975 0.489125 0.014166666666666666 0.01975
1 0.05475 0.5645 0.015166666666666667 0.024
1 0.09208333333333334 0.577 0.009833333333333333 0.021
1 0.015083333333333334 0.785625 0.015166666666666667 0.02275
1 0.003916666666666666 0.7735 0.007833333333333333 0.018
1 0.09975 0.88 0.0175 0.0175
1 0.0515 0.955375 0.013666666666666667 0.02775
1 0.0045 0.8735 0.009 0.023
