2 0.008166666666666666 0.525875 0.008666666666666666 0.01175
2 0.0255 0.496 0.007333333333333333 0.0095
2 0.02266666666666667 0.4815 0.008333333333333333 0.0105
2 0.006416666666666667 0.487625 0.0095 0.01225
2 0.0021666666666666666 0.478125 0.004333333333333333 0.00725
2 0.019416666666666665 0.46025 0.0085 0.0095
2 0.05441666666666667 0.461 0.009833333333333333 0.011
2 0.043 0.463125 0.011 0.01025
2 0.04791666666666667 0.44575 0.008166666666666666 0.0085
2 0.073 0.417125 0.007666666666666666 0.00875
2 0.051583333333333335 0.395625 0.0075 0.00875
2 0.11633333333333333 0.372625 0.009333333333333334 0.00875
2 0.09783333333333333 0.34025 0.011666666666666667 0.0105
2 0.13258333333333333 0.27125 0.0135 0.01
2 0.21733333333333332 0.23425 0.010666666666666666 0.0105
2 0.17933333333333334 0.11725 0.007 0.0155
2 0.171 0.1125 0.008 0.0085
2 0.17358333333333334 0.09075 0.0095 0.0165
2 0.1275 0.06325 0.011666666666666667 0.009
