0 0.23541666666666666 0.984625 0.0075 0.02125
0 0.28833333333333333 0.881875 0.006666666666666667 0.01525
0 0.29741666666666666 0.885125 0.0105 0.01475
0 0.1655 0.8695 0.007666666666666666 0.0185
0 0.24758333333333332 0.80025 0.009166666666666667 0.0185
0 0.42125 0.861875 0.009833333333333333 0.01375
0 0.03808333333333333 0.89 0.0095 0.014
0 0.008 0.957625 0.012 0.00875
0 0.06708333333333333 0.736375 0.010166666666666666 0.01525
0 0.24775 0.679875 0.009833333333333333 0.00825
0 0.23458333333333334 0.661625 0.0065 0.01975
0 0.2965 0.628875 0.008 0.01875
0 0.2689166666666667 0.62225 0.009166666666666667 0.019
0 0.15708333333333332 0.6005 0.008166666666666666 0.0075
0 0.060583333333333336 0.573625 0.007833333333333333 0.00925
0 0.011416666666666667 0.63475 0.0075 0.0165
0 0.026583333333333334 0.46225 0.011166666666666667 0.0095
0 0.07541666666666667 0.388125 0.010166666666666666 0.01425
0 0.20116666666666666 0.448125 0.009 0.01475
0 0.23383333333333334 0.391 0.007 0.008
0 0.3045 0.485625 0.009666666666666667 0.00725
0 0.3159166666666667 0.481875 0.0085 0.00825
0 0.3125833333333333 0.49575 0.007166666666666667 0.0105
0 0.42966666666666664 0.517 0.005 0.0125
0 0.4151666666666667 0.44775 0.008 0.0165
0 0.4598333333333333 0.612375 0.009666666666666667 0.00875
0 0.49191666666666667 0.621625 0.006166666666666667 0.01475
0 0.32766666666666666 0.245375 0.008333333333333333 0.01175
0 0.31466666666666665 0.222625 0.006 0.01675
0 0.2935 0.20925 0.005666666666666667 0.0125
0 0.28725 0.209 0.005833333333333334 0.0175
0 0.14633333333333334 0.211 0.009 0.0145
0 0.027916666666666666 0.334875 0.008166666666666666 0.00925
0 0.021916666666666668 0.181625 0.007833333333333333 0.01675
0 0.02525 0.151875 0.0095 0.01275
0 0.19266666666666668 0.12625 0.008333333333333333 0.0155
0 0.15908333333333333 0.118625 0.006833333333333334 0.01675
0 0.15225 0.1125 0.007833333333333333 0.0115
0 0.12416666666666666 0.00675 0.009666666666666667 0.013
0 0.10033333333333333 0.004625 0.008 0.00875
0 0.41875 0.111375 0.006166666666666667 0.01875
0 0.43816666666666665 0.088375 0.005333333333333333 0.01025
0 0.42541666666666667 0.089875 0.005833333333333334 0.01875
0 0.47533333333333333 0.144875 0.005333333333333333 0.01625
0 0.6438333333333334 0.081125 0.005 0.01175
0 0.6453333333333333 0.051375 0.008666666666666666 0.01225
0 0.8364166666666667 0.028625 0.012166666666666666 0.01175
0 0.7774166666666666 0.10975 0.013166666666666667 0.0105
0 0.6381666666666667 0.533125 0.008666666666666666 0.01575
0 0.6393333333333333 0.50775 0.008333333333333333 0.018
0 0.6315 0.51625 0.008 0.006
0 0.639 0.613875 0.005666666666666667 0.01075
0 0.6965833333333333 0.69125 0.005833333333333334 0.019
0 0.77675 0.394 0.0115 0.012
0 0.938 0.415875 0.015333333333333332 0.01025
