0 0.76125 0.941125 0.0075 0.01175
0 0.768 0.807 0.007666666666666666 0.013
0 0.75425 0.79375 0.012833333333333334 0.011
0 0.8059166666666666 0.545875 0.008166666666666666 0.01125
0 0.80075 0.56575 0.011166666666666667 0.014
0 0.74325 0.5275 0.0085 0.006
0 0.8233333333333334 0.470875 0.009 0.00925
0 0.7886666666666666 0.478625 0.008666666666666666 0.00675
0 0.7800833333333334 0.48625 0.010166666666666666 0.011
0 0.7766666666666666 0.5095 0.008666666666666666 0.0125
0 0.88875 0.39 0.007166666666666667 0.01
0 0.8830833333333333 0.38175 0.0045 0.01
0 0.7978333333333333 0.338875 0.008666666666666666 0.01875
0 0.90125 0.331125 0.007833333333333333 0.01025
0 0.889 0.316125 0.010333333333333333 0.01175
1 0.35533333333333333 0.041375 0.018666666666666668 0.02125
1 0.29091666666666666 0.210375 0.012833333333333334 0.01425
1 0.19625 0.263875 0.0155 0.02775
1 0.16358333333333333 0.373625 0.0185 0.01375
