1 0.978 0.253125 0.011666666666666667 0.01025
1 0.9735833333333334 0.246375 0.013166666666666667 0.01225
1 0.9555 0.253875 0.013333333333333334 0.01425
1 0.89375 0.193375 0.011833333333333333 0.01525
1 0.915 0.167125 0.008666666666666666 0.01775
1 0.9595833333333333 0.192375 0.0075 0.01275
1 0.961 0.2025 0.008 0.0135
1 0.94625 0.21225 0.008166666666666666 0.015
1 0.9331666666666667 0.208625 0.007333333333333333 0.01225
1 0.9320833333333334 0.199125 0.008833333333333334 0.00975
1 0.9359166666666666 0.193625 0.0065 0.00875
1 0.9281666666666667 0.189625 0.009666666666666667 0.01225
1 0.9335 0.181875 0.013666666666666667 0.01125
1 0.96325 0.168875 0.0085 0.01475
1 0.9845833333333334 0.179125 0.010833333333333334 0.01275
1 0.993 0.172 0.006333333333333333 0.014
1 0.99675 0.17925 0.006166666666666667 0.013
1 0.9816666666666667 0.168875 0.007666666666666666 0.01025
1 0.9760833333333333 0.1635 0.011833333333333333 0.012
1 0.9721666666666666 0.155125 0.015 0.01125
1 0.9931666666666666 0.16075 0.011666666666666667 0.011
1 0.9853333333333333 0.153625 0.009 0.01025
1 0.9795833333333334 0.144 0.0145 0.0095
1 0.9665833333333333 0.130375 0.0075 0.01625
1 0.976 0.132125 0.006666666666666667 0.01575
1 0.978 0.10875 0.009 0.013
1 0.98425 0.11975 0.0115 0.0155
1 0.9861666666666666 0.12825 0.012 0.01
1 0.9955 0.13375 0.009 0.012
1 0.9961666666666666 0.144625 0.007666666666666666 0.01675
1 0.9899166666666667 0.137875 0.007833333333333333 0.01175
1 0.9891666666666666 0.0685 0.01 0.016
1 0.9648333333333333 0.0685 0.010666666666666666 0.018
1 0.9614166666666667 0.080625 0.0075 0.01175
1 0.9675 0.08075 0.006666666666666667 0.0115
1 0.97175 0.0745 0.005166666666666667 0.016
