2 0.88825 0.8495 0.0095 0.0115
2 0.8765833333333334 0.829 0.007166666666666667 0.0125
2 0.8609166666666667 0.816625 0.009833333333333333 0.01175
2 0.6366666666666667 0.731875 0.009 0.01125
2 0.675 0.521625 0.008333333333333333 0.01575
2 0.759 0.583625 0.010333333333333333 0.01175
2 0.8775 0.4785 0.008333333333333333 0.0085
2 0.8200833333333334 0.324375 0.006833333333333334 0.00975
2 0.9048333333333334 0.250875 0.005666666666666667 0.00925
2 0.83725 0.07425 0.011166666666666667 0.0145
2 0.7923333333333333 0.0305 0.009666666666666667 0.0095
2 0.6399166666666667 0.250625 0.007833333333333333 0.00975
2 0.4355833333333333 0.49325 0.007166666666666667 0.0115
