2 0.7953333333333333 0.302625 0.006333333333333333 0.01125
2 0.79925 0.32925 0.004166666666666667 0.012
2 0.7709166666666667 0.331875 0.004166666666666667 0.01125
2 0.7516666666666667 0.348 0.007333333333333333 0.013
2 0.6639166666666667 0.13475 0.004166666666666667 0.013
2 0.7056666666666667 0.04475 0.008 0.0085
2 0.62875 0.328875 0.0075 0.01025
2 0.562 0.26875 0.008666666666666666 0.0075
2 0.5641666666666667 0.306125 0.006 0.01125
2 0.5256666666666666 0.262875 0.006333333333333333 0.01175
2 0.5085833333333334 0.367875 0.006166666666666667 0.00775
2 0.5446666666666666 0.50825 0.005666666666666667 0.0075
2 0.48175 0.4755 0.004833333333333334 0.0125
2 0.34658333333333335 0.21975 0.009166666666666667 0.011
2 0.25925 0.236625 0.0035 0.00975
2 0.2936666666666667 0.183875 0.008 0.01025
2 0.3194166666666667 0.147875 0.0085 0.01225
2 0.324 0.10625 0.005666666666666667 0.011
2 0.3084166666666667 0.1365 0.005833333333333334 0.01
2 0.2836666666666667 0.15275 0.008666666666666666 0.008
2 0.28625 0.11925 0.005833333333333334 0.013
2 0.25066666666666665 0.175125 0.004666666666666667 0.01275
2 0.2608333333333333 0.107875 0.010666666666666666 0.01175
2 0.21608333333333332 0.125875 0.008833333333333334 0.00875
2 0.19566666666666666 0.12375 0.005666666666666667 0.0135
2 0.18916666666666668 0.072625 0.006 0.01875
2 0.174 0.104875 0.005333333333333333 0.01575
2 0.23441666666666666 0.00375 0.008833333333333334 0.0075
2 0.14125 0.072 0.0065 0.011
