1 0.07433333333333333 0.212375 0.009 0.02375
1 0.06391666666666666 0.242 0.014833333333333334 0.016
1 0.05508333333333333 0.264375 0.015833333333333335 0.01475
1 0.04733333333333333 0.286875 0.013333333333333334 0.01175
1 0.07408333333333333 0.3005 0.007833333333333333 0.021
1 0.07033333333333333 0.313125 0.007666666666666666 0.01125
1 0.07941666666666666 0.31375 0.0085 0.0115
1 0.05325 0.30625 0.0135 0.0105
1 0.09166666666666666 0.331875 0.008 0.02275
1 0.05433333333333333 0.33175 0.012666666666666666 0.013
1 0.06383333333333334 0.342 0.008 0.0165
1 0.07058333333333333 0.347375 0.0075 0.01775
1 0.07483333333333334 0.365625 0.011666666666666667 0.01725
1 0.05708333333333333 0.3475 0.0075 0.0155
1 0.050916666666666666 0.349875 0.009166666666666667 0.02175
1 0.0545 0.372625 0.012333333333333333 0.01875
1 0.06625 0.397375 0.016833333333333332 0.01175
1 0.06625 0.4115 0.0105 0.0135
1 0.06208333333333333 0.475 0.013166666666666667 0.0255
1 0.02033333333333333 0.479 0.011666666666666667 0.01
1 0.02666666666666667 0.490375 0.014666666666666666 0.01725
1 0.029666666666666668 0.6125 0.011666666666666667 0.0155
1 0.10725 0.73875 0.0105 0.0185
1 0.052583333333333336 0.780375 0.011166666666666667 0.01175
1 0.16866666666666666 0.797875 0.008333333333333333 0.02325
1 0.05991666666666667 0.821 0.011166666666666667 0.02
1 0.13008333333333333 0.925125 0.0085 0.02275
1 0.08683333333333333 0.916125 0.011333333333333334 0.02425
1 0.051916666666666667 0.98975 0.014166666666666666 0.0165
1 0.042583333333333334 0.98575 0.012833333333333334 0.011
1 0.025333333333333333 0.993125 0.009333333333333334 0.01325
1 0.012 0.98125 0.019 0.0185
