2 0.9046666666666666 0.6775 0.006 0.0135
2 0.9243333333333333 0.709125 0.009666666666666667 0.01325
2 0.86525 0.853125 0.006166666666666667 0.01375
2 0.79875 0.848625 0.009833333333333333 0.00825
2 0.6953333333333334 0.927125 0.005333333333333333 0.01625
2 0.67825 0.874125 0.009166666666666667 0.01075
2 0.6543333333333333 0.900125 0.008666666666666666 0.00975
2 0.2875 0.881 0.012333333333333333 0.008
2 0.27116666666666667 0.84975 0.007 0.0135
2 0.17691666666666667 0.94 0.009833333333333333 0.01
2 0.15775 0.962375 0.0085 0.01175
2 0.19025 0.99625 0.0055 0.0065
2 0.27216666666666667 0.76 0.011666666666666667 0.0085
2 0.10258333333333333 0.636375 0.009833333333333333 0.01775
2 0.25983333333333336 0.52575 0.007666666666666666 0.0065
2 0.29025 0.531625 0.010166666666666666 0.00825
2 0.4041666666666667 0.58075 0.0033333333333333335 0.015
2 0.52025 0.641625 0.005166666666666667 0.01325
2 0.56225 0.666875 0.007166666666666667 0.00725
2 0.601 0.56725 0.006333333333333333 0.008
2 0.6980833333333333 0.58275 0.006166666666666667 0.012
2 0.7005 0.625875 0.007666666666666666 0.00925
2 0.5960833333333333 0.347125 0.006166666666666667 0.01125
2 0.688 0.242375 0.009 0.01125
2 0.5160833333333333 0.421375 0.006166666666666667 0.00975
2 0.4855833333333333 0.482125 0.007833333333333333 0.00925
2 0.4698333333333333 0.403 0.009 0.0095
2 0.45475 0.3425 0.008833333333333334 0.011
2 0.3954166666666667 0.43 0.005166666666666667 0.01
2 0.3481666666666667 0.36675 0.007666666666666666 0.008
2 0.3436666666666667 0.425875 0.008333333333333333 0.00625
2 0.31425 0.3875 0.005833333333333334 0.01
2 0.3175 0.460625 0.006 0.01025
2 0.29983333333333334 0.434375 0.004333333333333333 0.01025
2 0.268 0.445625 0.007333333333333333 0.00975
2 0.26 0.47075 0.009 0.0075
2 0.241 0.428625 0.008333333333333333 0.00925
2 0.20358333333333334 0.445375 0.007166666666666667 0.00975
2 0.16458333333333333 0.42725 0.0085 0.0065
2 0.16458333333333333 0.4625 0.004833333333333334 0.01
2 0.158 0.484125 0.005666666666666667 0.01075
2 0.11125 0.382875 0.0065 0.00825
2 0.3545833333333333 0.222625 0.008166666666666666 0.01025
2 0.32875 0.266 0.005166666666666667 0.0115
2 0.31725 0.2435 0.008833333333333334 0.008
2 0.24441666666666667 0.18675 0.006833333333333334 0.0105
2 0.468 0.145875 0.009 0.00625
2 0.4656666666666667 0.11975 0.009 0.011
2 0.42183333333333334 0.051625 0.007 0.00825
2 0.38858333333333334 0.074125 0.007833333333333333 0.00575
2 0.5116666666666667 0.075375 0.007333333333333333 0.01175
2 0.5554166666666667 0.1935 0.005833333333333334 0.0145
2 0.52375 0.220375 0.0065 0.01025
2 0.6671666666666667 0.131625 0.010666666666666666 0.01025
2 0.691 0.201875 0.008666666666666666 0.00975
2 0.70775 0.212125 0.0055 0.01375
2 0.7695 0.171125 0.004666666666666667 0.01425
2 0.8074166666666667 0.187875 0.007833333333333333 0.01225
2 0.7108333333333333 0.0255 0.007333333333333333 0.015
2 0.7275833333333334 0.045 0.0085 0.011
