1 0.46675 0.55925 0.0125 0.029
1 0.3551666666666667 0.6205 0.011 0.024
1 0.3481666666666667 0.626875 0.009333333333333334 0.01675
1 0.3418333333333333 0.619125 0.012333333333333333 0.01175
1 0.3375 0.613875 0.012 0.01875
1 0.2946666666666667 0.693125 0.008 0.01425
1 0.027083333333333334 0.66075 0.019166666666666665 0.013
1 0.15316666666666667 0.83325 0.017666666666666667 0.012
1 0.15908333333333333 0.846125 0.014166666666666666 0.01625
1 0.2649166666666667 0.863 0.018166666666666668 0.0125
1 0.08475 0.985875 0.009833333333333333 0.01925
1 0.07691666666666666 0.990375 0.012833333333333334 0.01425
1 0.06891666666666667 0.9965 0.007166666666666667 0.0065
1 0.43575 0.882 0.013833333333333333 0.0185
1 0.43025 0.874125 0.008833333333333334 0.01275
1 0.4579166666666667 0.78125 0.018166666666666668 0.021
1 0.4250833333333333 0.785125 0.0155 0.01225
1 0.42841666666666667 0.79575 0.0135 0.012
1 0.43175 0.813 0.011833333333333333 0.0275
1 0.4023333333333333 0.7945 0.011 0.0185
1 0.4175 0.827 0.007666666666666666 0.0175
1 0.4071666666666667 0.817375 0.018666666666666668 0.01275
1 0.41291666666666665 0.832375 0.011833333333333333 0.01475
1 0.4023333333333333 0.831375 0.009333333333333334 0.01525
1 0.39016666666666666 0.82025 0.010333333333333333 0.0175
1 0.39641666666666664 0.826875 0.012166666666666666 0.01625
1 0.4103333333333333 0.845625 0.016 0.01175
1 0.39458333333333334 0.84525 0.016166666666666666 0.018
