2 0.1945 0.947875 0.005333333333333333 0.00975
2 0.05125 0.99475 0.012166666666666666 0.0095
2 0.13808333333333334 0.818 0.0095 0.01
2 0.09108333333333334 0.84225 0.0055 0.0115
2 0.0935 0.616375 0.008 0.00975
2 0.11116666666666666 0.590125 0.007666666666666666 0.00775
2 0.13183333333333333 0.564625 0.008333333333333333 0.00925
2 0.13791666666666666 0.536 0.0055 0.011
2 0.10483333333333333 0.522 0.010666666666666666 0.01
2 0.0805 0.5265 0.006 0.008
2 0.0725 0.5445 0.009 0.007
2 0.05341666666666667 0.491375 0.008166666666666666 0.01225
2 0.051333333333333335 0.461625 0.006666666666666667 0.00975
2 0.009666666666666667 0.4345 0.008666666666666666 0.013
2 0.03 0.4105 0.010666666666666666 0.0075
2 0.165 0.42525 0.01 0.0095
2 0.17591666666666667 0.38675 0.007166666666666667 0.01
2 0.13766666666666666 0.349625 0.007333333333333333 0.01175
2 0.12841666666666668 0.29825 0.005833333333333334 0.0145
2 0.08816666666666667 0.258125 0.009 0.00625
2 0.07816666666666666 0.2525 0.007666666666666666 0.005
2 0.04525 0.167875 0.008166666666666666 0.01225
2 0.006416666666666667 0.18275 0.0095 0.0085
2 0.003 0.225125 0.005666666666666667 0.01375
