2 0.07208333333333333 0.19925 0.0085 0.013
2 0.07391666666666667 0.2785 0.009166666666666667 0.0085
2 0.059416666666666666 0.306875 0.007166666666666667 0.01475
2 0.019166666666666665 0.30925 0.006666666666666667 0.0095
2 0.3105833333333333 0.52075 0.0105 0.009
2 0.47691666666666666 0.452625 0.010166666666666666 0.00775
2 0.5215833333333333 0.59325 0.0055 0.015
2 0.5828333333333333 0.69575 0.008333333333333333 0.0135
2 0.48383333333333334 0.667625 0.009 0.00525
2 0.4965 0.699875 0.004 0.01125
2 0.4359166666666667 0.69775 0.009166666666666667 0.0125
2 0.42625 0.713125 0.005833333333333334 0.00975
2 0.41791666666666666 0.755125 0.004833333333333334 0.00975
2 0.46941666666666665 0.728875 0.0055 0.00775
2 0.4830833333333333 0.739 0.003833333333333333 0.01
2 0.6168333333333333 0.772625 0.006666666666666667 0.01725
2 0.6271666666666667 0.803 0.005 0.0155
2 0.5634166666666667 0.83975 0.008166666666666666 0.0115
2 0.44233333333333336 0.879 0.006333333333333333 0.012
2 0.34691666666666665 0.9185 0.008166666666666666 0.0085
2 0.2940833333333333 0.91425 0.0055 0.0105
2 0.19941666666666666 0.964125 0.004833333333333334 0.01025
2 0.11108333333333334 0.8645 0.0065 0.0125
2 0.14666666666666667 0.974625 0.004333333333333333 0.01375
2 0.7476666666666667 0.807 0.005333333333333333 0.016
2 0.7765 0.818375 0.007333333333333333 0.01925
2 0.70025 0.97975 0.008166666666666666 0.0105
2 0.6764166666666667 0.983875 0.0075 0.00725
2 0.6198333333333333 0.931375 0.005666666666666667 0.00875
2 0.64575 0.9885 0.006166666666666667 0.012
