2 0.9015833333333333 0.677625 0.0095 0.00875
2 0.8905833333333333 0.61 0.009166666666666667 0.0125
2 0.80825 0.602 0.007833333333333333 0.0175
2 0.616 0.580625 0.010333333333333333 0.01025
2 0.50175 0.617625 0.0065 0.01225
2 0.46408333333333335 0.57725 0.0065 0.0125
2 0.46591666666666665 0.517 0.007166666666666667 0.012
2 0.7664166666666666 0.479375 0.007833333333333333 0.01175
2 0.72325 0.487875 0.0055 0.01275
2 0.7576666666666667 0.331625 0.004666666666666667 0.00925
2 0.74225 0.37 0.0065 0.009
2 0.86425 0.1555 0.007166666666666667 0.0095
2 0.7285 0.179125 0.006333333333333333 0.01725
2 0.6138333333333333 0.18775 0.005666666666666667 0.0125
2 0.60925 0.153125 0.0085 0.01025
2 0.5488333333333333 0.1015 0.008333333333333333 0.0125
2 0.4623333333333333 0.23275 0.006 0.0145
2 0.31983333333333336 0.1405 0.004333333333333333 0.011
2 0.29633333333333334 0.07575 0.011666666666666667 0.01
2 0.26916666666666667 0.11075 0.010333333333333333 0.0085
2 0.2916666666666667 0.356 0.010666666666666666 0.011
2 0.2655 0.337875 0.010333333333333333 0.01025
2 0.29983333333333334 0.4295 0.011 0.0065
2 0.4810833333333333 0.447125 0.009833333333333333 0.00675
2 0.21458333333333332 0.725875 0.011833333333333333 0.00875
