1 0.6510833333333333 0.057625 0.008166666666666666 0.02525
1 0.76 0.042875 0.007333333333333333 0.02225
1 0.7534166666666666 0.0495 0.008166666666666666 0.0285
1 0.7485833333333334 0.0695 0.0045 0.019
1 0.7435 0.06925 0.009666666666666667 0.028
1 0.7440833333333333 0.110375 0.013833333333333333 0.02325
1 0.7514166666666666 0.15 0.012833333333333334 0.0135
1 0.7564166666666666 0.165875 0.019166666666666665 0.01925
1 0.8314166666666667 0.07625 0.010833333333333334 0.0125
1 0.82325 0.0855 0.012833333333333334 0.02
1 0.8868333333333334 0.038 0.02 0.0175
1 0.8765 0.0495 0.014333333333333333 0.0185
1 0.8850833333333333 0.069625 0.0185 0.01575
1 0.8796666666666667 0.105125 0.017333333333333333 0.02725
1 0.9188333333333333 0.108125 0.021 0.01525
1 0.9831666666666666 0.1335 0.020666666666666667 0.021
1 0.9019166666666667 0.14725 0.018166666666666668 0.016
1 0.8969166666666667 0.156375 0.0195 0.01775
1 0.865 0.161125 0.016 0.02425
1 0.8399166666666666 0.1705 0.019166666666666665 0.018
1 0.859 0.182875 0.012 0.02075
1 0.90725 0.191125 0.017833333333333333 0.01925
1 0.892 0.193625 0.018 0.02125
