2 0.004666666666666667 0.174125 0.007333333333333333 0.01425
2 0.5675 0.082875 0.005 0.01425
2 0.5334166666666667 0.1535 0.010166666666666666 0.008
2 0.5396666666666666 0.186875 0.005 0.01025
2 0.5245 0.2285 0.005333333333333333 0.011
2 0.5115 0.217625 0.006333333333333333 0.01025
2 0.47783333333333333 0.178875 0.006333333333333333 0.01025
2 0.46808333333333335 0.197875 0.005833333333333334 0.01025
2 0.45858333333333334 0.241 0.0055 0.008
2 0.6403333333333333 0.176 0.012 0.011
2 0.6636666666666666 0.271375 0.008666666666666666 0.01275
2 0.6741666666666667 0.30525 0.004 0.0125
2 0.60525 0.341375 0.007833333333333333 0.00875
2 0.6630833333333334 0.447 0.005833333333333334 0.01
2 0.7494166666666666 0.508875 0.0065 0.00525
2 0.7225 0.5095 0.007666666666666666 0.0075
2 0.6905833333333333 0.513 0.0075 0.0145
2 0.6898333333333333 0.585875 0.006 0.01125
2 0.7058333333333333 0.604625 0.009 0.00825
2 0.50375 0.524 0.0075 0.0095
2 0.5135 0.5585 0.005333333333333333 0.012
2 0.6494166666666666 0.69175 0.0105 0.0105
2 0.47875 0.37375 0.0065 0.0125
2 0.38158333333333333 0.407875 0.008833333333333334 0.00825
2 0.32908333333333334 0.400375 0.005833333333333334 0.01025
2 0.23466666666666666 0.443 0.005 0.012
2 0.15541666666666668 0.33475 0.0075 0.012
2 0.18525 0.4485 0.0045 0.0105
2 0.008416666666666666 0.493625 0.010166666666666666 0.00925
2 0.2365 0.562125 0.007666666666666666 0.01075
2 0.40308333333333335 0.616625 0.005833333333333334 0.00825
2 0.37033333333333335 0.64 0.008666666666666666 0.0085
2 0.49391666666666667 0.63875 0.0075 0.011
2 0.45008333333333334 0.684 0.0085 0.0095
2 0.4513333333333333 0.71 0.007666666666666666 0.0075
2 0.5396666666666666 0.7535 0.006 0.014
2 0.5098333333333334 0.780625 0.004666666666666667 0.01025
2 0.6755 0.757375 0.008333333333333333 0.00925
2 0.6905 0.767125 0.005666666666666667 0.01375
2 0.6718333333333333 0.796875 0.008666666666666666 0.00775
2 0.75075 0.724625 0.0055 0.01325
2 0.7881666666666667 0.740375 0.008666666666666666 0.00925
2 0.5839166666666666 0.901875 0.005833333333333334 0.01275
2 0.5058333333333334 0.972625 0.006 0.00975
2 0.462 0.9575 0.007 0.0065
2 0.44475 0.9035 0.0075 0.0135
2 0.3879166666666667 0.985375 0.004833333333333334 0.01075
2 0.33875 0.92575 0.006833333333333334 0.009
2 0.33558333333333334 0.983875 0.007833333333333333 0.01025
2 0.30533333333333335 0.9465 0.005333333333333333 0.0105
2 0.2926666666666667 0.991625 0.005333333333333333 0.00925
2 0.3411666666666667 0.78625 0.008333333333333333 0.0115
2 0.3175 0.82925 0.006666666666666667 0.0105
2 0.3040833333333333 0.80525 0.007833333333333333 0.0095
2 0.22875 0.750625 0.0075 0.01125
2 0.23208333333333334 0.988875 0.009833333333333333 0.00775
2 0.1525 0.99 0.009333333333333334 0.0075
2 0.097 0.949125 0.005333333333333333 0.00975
