2 0.5324166666666666 0.55125 0.011166666666666667 0.0085
2 0.47658333333333336 0.716125 0.008166666666666666 0.00875
2 0.4191666666666667 0.7355 0.007666666666666666 0.012
2 0.4765 0.758125 0.008 0.01375
2 0.4995833333333333 0.772625 0.011166666666666667 0.01025
2 0.4886666666666667 0.786375 0.006333333333333333 0.01725
2 0.5098333333333334 0.8065 0.008666666666666666 0.0125
2 0.38716666666666666 0.766 0.009666666666666667 0.0115
2 0.36616666666666664 0.782875 0.008 0.00825
2 0.4598333333333333 0.76925 0.008666666666666666 0.0145
2 0.5753333333333334 0.917875 0.009333333333333334 0.01225
2 0.535 0.9355 0.008333333333333333 0.0125
2 0.10816666666666666 0.66525 0.008666666666666666 0.0115
2 0.11533333333333333 0.56475 0.008333333333333333 0.011
2 0.020916666666666667 0.6405 0.009166666666666667 0.015
2 0.028 0.6985 0.009333333333333334 0.012
