1 0.19858333333333333 0.228125 0.009833333333333333 0.02475
1 0.13558333333333333 0.1835 0.008833333333333334 0.021
1 0.049166666666666664 0.06575 0.009333333333333334 0.0195
1 0.08833333333333333 0.230125 0.011666666666666667 0.01425
1 0.09608333333333334 0.2665 0.0125 0.0245
1 0.17158333333333334 0.35575 0.009833333333333333 0.02
1 0.13266666666666665 0.3545 0.011 0.0225
1 0.10658333333333334 0.422375 0.0105 0.01275
1 0.09741666666666667 0.419 0.011166666666666667 0.0065
1 0.07091666666666667 0.418125 0.015166666666666667 0.01725
1 0.08325 0.429625 0.0075 0.01675
1 0.11166666666666666 0.452375 0.006 0.01775
1 0.11725 0.458625 0.0095 0.01625
1 0.11966666666666667 0.465875 0.006333333333333333 0.00575
1 0.10516666666666667 0.470125 0.011 0.00825
1 0.07575 0.458875 0.010833333333333334 0.00825
1 0.07391666666666667 0.469375 0.009166666666666667 0.01975
