1 0.06133333333333333 0.774875 0.010666666666666666 0.02325
1 0.048 0.80425 0.016666666666666666 0.0195
1 0.03858333333333333 0.829625 0.017833333333333333 0.01925
1 0.03 0.851875 0.015333333333333332 0.01075
1 0.03333333333333333 0.872125 0.013333333333333334 0.01225
1 0.056 0.867125 0.01 0.01975
1 0.06066666666666667 0.880375 0.007666666666666666 0.01275
1 0.051583333333333335 0.882375 0.005166666666666667 0.01225
1 0.07233333333333333 0.90075 0.010666666666666666 0.023
1 0.052583333333333336 0.937375 0.0105 0.02375
1 0.04708333333333333 0.907 0.013166666666666667 0.008
1 0.04975 0.9175 0.0075 0.0175
1 0.033416666666666664 0.899875 0.013166666666666667 0.01525
1 0.035166666666666666 0.91725 0.007666666666666666 0.015
1 0.028 0.919875 0.01 0.02375
1 0.031 0.94325 0.013333333333333334 0.021
1 0.041 0.97275 0.018666666666666668 0.014
1 0.03958333333333333 0.990125 0.012833333333333334 0.01975
