2 0.2385 0.39025 0.008 0.0105
2 0.059666666666666666 0.694125 0.008333333333333333 0.00975
2 0.02225 0.711875 0.009166666666666667 0.00875
2 0.0205 0.754875 0.007666666666666666 0.01175
2 0.09566666666666666 0.775125 0.007 0.00775
2 0.10533333333333333 0.779875 0.009666666666666667 0.00925
2 0.14616666666666667 0.817875 0.007 0.01225
2 0.15883333333333333 0.868125 0.007333333333333333 0.01225
2 0.19866666666666666 0.90425 0.006333333333333333 0.0125
2 0.18958333333333333 0.93975 0.009166666666666667 0.0115
2 0.07883333333333334 0.984125 0.004333333333333333 0.00775
2 0.05425 0.93725 0.010833333333333334 0.011
2 0.034 0.962875 0.007333333333333333 0.01575
2 0.01775 0.9645 0.008166666666666666 0.0065
