2 0.7848333333333334 0.814125 0.004666666666666667 0.00975
2 0.7870833333333334 0.842125 0.005166666666666667 0.01125
2 0.75925 0.843375 0.005166666666666667 0.01325
2 0.7395833333333334 0.856875 0.005833333333333334 0.01225
2 0.6191666666666666 0.830875 0.005666666666666667 0.01125
2 0.5560833333333334 0.804625 0.007166666666666667 0.01175
2 0.5535833333333333 0.767125 0.008833333333333334 0.01075
2 0.5178333333333334 0.758625 0.008 0.00925
2 0.49916666666666665 0.863875 0.006 0.01025
2 0.4713333333333333 0.965875 0.006666666666666667 0.01425
2 0.65975 0.636875 0.0045 0.01525
2 0.70525 0.54175 0.0085 0.01
2 0.33691666666666664 0.697875 0.010166666666666666 0.01175
2 0.3134166666666667 0.5765 0.004833333333333334 0.0105
2 0.30916666666666665 0.621375 0.007666666666666666 0.01125
2 0.2985 0.607125 0.006666666666666667 0.01375
2 0.28358333333333335 0.656625 0.008833333333333334 0.00925
2 0.24775 0.708125 0.0055 0.01125
2 0.27091666666666664 0.62125 0.009166666666666667 0.0115
2 0.27516666666666667 0.585875 0.007 0.01325
2 0.24966666666666668 0.57575 0.011 0.006
2 0.23958333333333334 0.6435 0.005166666666666667 0.0115
2 0.20408333333333334 0.589375 0.009166666666666667 0.00725
2 0.18191666666666667 0.584125 0.007833333333333333 0.01175
2 0.16066666666666668 0.562375 0.006 0.01125
2 0.17291666666666666 0.527625 0.010833333333333334 0.01225
2 0.12641666666666668 0.52475 0.0075 0.011
2 0.26216666666666666 0.42825 0.012333333333333333 0.006
2 0.24466666666666667 0.395375 0.006 0.01175
2 0.14066666666666666 0.375125 0.007 0.02025
2 0.2505833333333333 0.301375 0.009166666666666667 0.00775
2 0.23558333333333334 0.062625 0.008833333333333334 0.00725
2 0.26758333333333334 0.06625 0.009166666666666667 0.01
2 0.38383333333333336 0.11 0.004 0.019
2 0.23675 0.00575 0.0085 0.0075
2 0.12841666666666668 0.020375 0.0065 0.00725
2 0.13558333333333333 0.002125 0.007166666666666667 0.00425
2 0.5445833333333333 0.188125 0.006833333333333334 0.00625
2 0.5016666666666667 0.165125 0.004333333333333333 0.01225
2 0.58275 0.086 0.006166666666666667 0.009
2 0.4661666666666667 0.00525 0.007 0.01
2 0.6849166666666666 0.141625 0.006166666666666667 0.00825
2 0.6799166666666666 0.094125 0.0095 0.01175
2 0.9113333333333333 0.214875 0.009 0.01175
2 0.8920833333333333 0.185875 0.005833333333333334 0.01425
2 0.8565 0.36725 0.007 0.0145
2 0.78825 0.36625 0.0105 0.009
2 0.6856666666666666 0.4535 0.004 0.0145
2 0.6675 0.3985 0.007333333333333333 0.007
2 0.6429166666666667 0.427 0.009166666666666667 0.0075
