1 0.2833333333333333 0.0435 0.012 0.011
1 0.14616666666666667 0.198625 0.012333333333333333 0.01275
1 0.15466666666666667 0.208125 0.013333333333333334 0.02125
1 0.25958333333333333 0.22725 0.0135 0.012
1 0.08316666666666667 0.35275 0.015333333333333332 0.018
1 0.07525 0.354 0.0115 0.0175
1 0.07191666666666667 0.3645 0.0115 0.0165
1 0.06416666666666666 0.376125 0.012333333333333333 0.02375
1 0.05525 0.38 0.007833333333333333 0.016
1 0.04566666666666667 0.39325 0.021333333333333333 0.0165
1 0.0555 0.404875 0.019333333333333334 0.02225
1 0.24525 0.392875 0.013166666666666667 0.02075
1 0.45375 0.139625 0.0155 0.01775
1 0.42225 0.1465 0.016166666666666666 0.0135
1 0.39858333333333335 0.156 0.010833333333333334 0.018
1 0.42483333333333334 0.157375 0.013333333333333334 0.01325
1 0.42841666666666667 0.1745 0.010166666666666666 0.0245
1 0.40325 0.178625 0.020166666666666666 0.01425
1 0.3863333333333333 0.182625 0.011333333333333334 0.01625
1 0.41433333333333333 0.1895 0.008333333333333333 0.0135
1 0.40925 0.194625 0.0115 0.01225
1 0.39991666666666664 0.1885 0.0065 0.0085
1 0.39916666666666667 0.195625 0.009 0.01125
1 0.39266666666666666 0.188 0.013666666666666667 0.015
1 0.39066666666666666 0.2065 0.017 0.021
1 0.407 0.206875 0.016666666666666666 0.01875
1 0.42691666666666667 0.235 0.009166666666666667 0.011
1 0.432 0.24225 0.013333333333333334 0.0205
1 0.4805833333333333 0.400625 0.014833333333333334 0.02125
1 0.491 0.412625 0.014 0.01575
1 0.49516666666666664 0.429375 0.013333333333333334 0.01575
1 0.503 0.444625 0.015666666666666666 0.02275
1 0.49 0.440375 0.010333333333333333 0.02275
1 0.47875 0.43575 0.011166666666666667 0.0225
1 0.46875 0.44025 0.013166666666666667 0.017
1 0.44966666666666666 0.431125 0.012666666666666666 0.01175
1 0.4559166666666667 0.439125 0.0105 0.02425
1 0.46458333333333335 0.44975 0.0145 0.016
1 0.47383333333333333 0.462625 0.011333333333333334 0.01125
1 0.47908333333333336 0.45275 0.012833333333333334 0.011
1 0.46141666666666664 0.46175 0.0075 0.024
1 0.5045833333333334 0.484 0.016166666666666666 0.012
1 0.5223333333333333 0.4165 0.010333333333333333 0.018
1 0.531 0.42425 0.014 0.0155
1 0.53025 0.415375 0.008166666666666666 0.00925
1 0.5623333333333334 0.408 0.008666666666666666 0.008
1 0.5651666666666667 0.4205 0.012666666666666666 0.021
1 0.5498333333333333 0.424 0.011 0.017
1 0.55 0.44475 0.007666666666666666 0.016
1 0.556 0.442125 0.008 0.02275
1 0.5645833333333333 0.447 0.0105 0.0235
1 0.5614166666666667 0.49075 0.0075 0.0195
1 0.5149166666666667 0.50325 0.018166666666666668 0.0115
1 0.6133333333333333 0.432875 0.01 0.02325
1 0.6679166666666667 0.440875 0.015833333333333335 0.01275
1 0.659 0.437625 0.003 0.00675
1 0.6564166666666666 0.446875 0.0115 0.02325
1 0.6671666666666667 0.45575 0.013666666666666667 0.02
1 0.6730833333333334 0.461375 0.007166666666666667 0.01875
1 0.6608333333333334 0.46425 0.013333333333333334 0.012
1 0.6505 0.463625 0.014666666666666666 0.01775
1 0.6421666666666667 0.459625 0.004666666666666667 0.00675
1 0.6408333333333334 0.472375 0.016666666666666666 0.01325
1 0.6495833333333333 0.480125 0.008166666666666666 0.01275
1 0.6434166666666666 0.491125 0.0105 0.01425
1 0.6539166666666667 0.488625 0.0095 0.01725
1 0.6475833333333333 0.504 0.0075 0.0115
1 0.66425 0.494875 0.0105 0.02375
1 0.6655833333333333 0.5015 0.0105 0.0135
1 0.6708333333333333 0.50975 0.010666666666666666 0.0215
1 0.6885 0.50225 0.007666666666666666 0.013
1 0.6810833333333334 0.503875 0.010833333333333334 0.02525
1 0.656 0.529625 0.010666666666666666 0.03025
1 0.6655 0.5275 0.012666666666666666 0.0185
1 0.6658333333333334 0.53825 0.010333333333333333 0.016
1 0.6768333333333333 0.53275 0.011 0.0245
1 0.64925 0.560625 0.011833333333333333 0.02425
1 0.6246666666666667 0.57275 0.016666666666666666 0.013
1 0.6126666666666667 0.573125 0.009 0.00625
1 0.6693333333333333 0.599125 0.006666666666666667 0.01325
1 0.6545833333333333 0.60325 0.008166666666666666 0.0265
1 0.6438333333333334 0.608625 0.011666666666666667 0.01875
1 0.6415 0.596375 0.016 0.01975
1 0.8138333333333333 0.549875 0.016 0.01225
1 0.8333333333333334 0.55325 0.018 0.013
1 0.8329166666666666 0.566 0.015166666666666667 0.019
1 0.82675 0.574875 0.0115 0.02025
1 0.8011666666666667 0.565125 0.016 0.01425
1 0.768 0.569125 0.016666666666666666 0.01675
1 0.8125 0.581125 0.014333333333333333 0.01975
1 0.8066666666666666 0.59475 0.018333333333333333 0.0205
1 0.769 0.596 0.009666666666666667 0.0245
1 0.79625 0.628875 0.0145 0.02525
1 0.6325 0.72 0.008666666666666666 0.025
1 0.7379166666666667 0.709125 0.012166666666666666 0.01225
1 0.7345 0.729875 0.009666666666666667 0.02275
1 0.72975 0.737375 0.0075 0.01675
1 0.7254166666666667 0.742 0.0085 0.0275
1 0.7248333333333333 0.765625 0.009333333333333334 0.01125
1 0.73175 0.787875 0.0115 0.02075
1 0.7450833333333333 0.827125 0.013166666666666667 0.01075
1 0.74275 0.834875 0.020833333333333332 0.01775
1 0.807 0.7415 0.008333333333333333 0.013
1 0.8014166666666667 0.750375 0.011833333333333333 0.02275
1 0.8511666666666666 0.716125 0.016 0.01675
1 0.8645 0.70325 0.015666666666666666 0.01
1 0.8618333333333333 0.738625 0.018333333333333333 0.01325
1 0.86975 0.78775 0.015166666666666667 0.0205
1 0.87775 0.806125 0.018833333333333334 0.01875
1 0.8716666666666667 0.81475 0.017666666666666667 0.0165
1 0.8420833333333333 0.821375 0.016833333333333332 0.01975
1 0.8356666666666667 0.841875 0.013666666666666667 0.02425
1 0.8173333333333334 0.829 0.015666666666666666 0.0125
1 0.884 0.847875 0.020666666666666667 0.01625
1 0.86925 0.857875 0.013833333333333333 0.01975
1 0.92225 0.754375 0.021166666666666667 0.01375
1 0.9685 0.80325 0.024666666666666667 0.0145
