2 0.46341666666666664 0.059125 0.008833333333333334 0.01075
2 0.40625 0.074375 0.006833333333333334 0.01275
2 0.3725 0.09975 0.009666666666666667 0.0145
2 0.35108333333333336 0.116875 0.0095 0.00725
2 0.4613333333333333 0.1005 0.008 0.013
2 0.44383333333333336 0.1095 0.006666666666666667 0.012
2 0.48233333333333334 0.116375 0.009 0.00975
2 0.47175 0.127 0.0065 0.0135
2 0.49175 0.1485 0.008833333333333334 0.01
2 0.5511666666666667 0.261875 0.008333333333333333 0.00975
2 0.5101666666666667 0.276125 0.008 0.00875
2 0.32908333333333334 0.348375 0.0065 0.01675
2 0.29875 0.379625 0.005833333333333334 0.01175
2 0.25083333333333335 0.345 0.008333333333333333 0.0085
2 0.3293333333333333 0.443125 0.009666666666666667 0.00925
2 0.28825 0.47775 0.005166666666666667 0.013
2 0.2699166666666667 0.5235 0.006166666666666667 0.012
2 0.247 0.454 0.008 0.008
2 0.23025 0.423875 0.008833333333333334 0.01025
2 0.20175 0.4275 0.007833333333333333 0.0135
2 0.22533333333333333 0.47275 0.008666666666666666 0.0165
2 0.11725 0.529 0.007166666666666667 0.0095
2 0.051333333333333335 0.313125 0.007333333333333333 0.01225
2 0.08508333333333333 0.952625 0.0075 0.00875
2 0.059333333333333335 0.956 0.009333333333333334 0.014
2 0.44116666666666665 0.768625 0.005333333333333333 0.01475
2 0.4156666666666667 0.821125 0.006333333333333333 0.01675
2 0.4141666666666667 0.854375 0.006333333333333333 0.01725
2 0.35075 0.795125 0.007166666666666667 0.01375
2 0.4964166666666667 0.5925 0.0055 0.016
