2 0.85175 0.751375 0.008166666666666666 0.01025
2 0.7185833333333334 0.7595 0.007833333333333333 0.0115
2 0.7385 0.910875 0.004666666666666667 0.00875
2 0.7229166666666667 0.94975 0.006833333333333334 0.012
2 0.604 0.7535 0.006333333333333333 0.0155
2 0.6011666666666666 0.719625 0.008333333333333333 0.00925
2 0.54275 0.664 0.010166666666666666 0.01
2 0.45116666666666666 0.78025 0.005333333333333333 0.017
2 0.4573333333333333 0.994625 0.016 0.00925
2 0.27508333333333335 0.95875 0.013166666666666667 0.011
2 0.2623333333333333 0.89275 0.008 0.0105
2 0.24541666666666667 0.86325 0.0115 0.011
2 0.30791666666666667 0.66925 0.004833333333333334 0.0105
2 0.2683333333333333 0.59325 0.012666666666666666 0.0075
2 0.24125 0.6295 0.0125 0.0075
2 0.4708333333333333 0.517375 0.007333333333333333 0.00925
2 0.5095833333333334 0.40025 0.0065 0.0105
2 0.46725 0.377625 0.0045 0.01025
2 0.6045 0.548125 0.008333333333333333 0.00775
2 0.683 0.485875 0.008333333333333333 0.01425
2 0.6030833333333333 0.44475 0.0045 0.014
2 0.7851666666666667 0.541 0.007 0.009
2 0.8356666666666667 0.5705 0.004666666666666667 0.012
2 0.7611666666666667 0.492625 0.004666666666666667 0.01275
2 0.77425 0.45975 0.008166666666666666 0.0095
2 0.7539166666666667 0.4705 0.005833333333333334 0.008
2 0.7455833333333334 0.431 0.0055 0.0115
2 0.7335833333333334 0.390375 0.007833333333333333 0.00825
2 0.7356666666666667 0.199125 0.009666666666666667 0.01075
2 0.7075 0.2565 0.010666666666666666 0.01
2 0.5540833333333334 0.337875 0.0075 0.00775
2 0.5395833333333333 0.220375 0.0065 0.01475
2 0.4891666666666667 0.076625 0.009333333333333334 0.01475
2 0.323 0.27675 0.007666666666666666 0.012
