3 0.72925 0.95475 0.009166666666666667 0.013
2 0.9261666666666667 0.86725 0.009666666666666667 0.0155
2 0.95075 0.851875 0.010833333333333334 0.01275
2 0.9666666666666667 0.79 0.007666666666666666 0.015
2 0.9120833333333334 0.79175 0.005166666666666667 0.0145
2 0.9115 0.741625 0.011 0.00925
2 0.89325 0.69325 0.0105 0.009
2 0.6249166666666667 0.708 0.009166666666666667 0.01
2 0.4559166666666667 0.67125 0.0085 0.006
2 0.5488333333333333 0.57 0.007666666666666666 0.0115
2 0.6771666666666667 0.54275 0.005 0.0155
2 0.44475 0.442125 0.003833333333333333 0.01075
2 0.4245 0.473875 0.007 0.01475
2 0.42283333333333334 0.493125 0.006666666666666667 0.01475
2 0.3720833333333333 0.480375 0.008166666666666666 0.00725
2 0.36041666666666666 0.40625 0.0035 0.0125
2 0.17341666666666666 0.255375 0.006833333333333334 0.00575
2 0.15091666666666667 0.251375 0.005833333333333334 0.00625
2 0.004833333333333334 0.27725 0.009666666666666667 0.008
2 0.02575 0.337375 0.007166666666666667 0.00825
2 0.119 0.630875 0.009 0.00875
2 0.09491666666666666 0.686 0.009166666666666667 0.0095
2 0.14108333333333334 0.7665 0.010166666666666666 0.0095
2 0.11816666666666667 0.81125 0.013 0.006
2 0.19458333333333333 0.8405 0.011833333333333333 0.0075
2 0.26066666666666666 0.866 0.004333333333333333 0.012
2 0.22958333333333333 0.87975 0.010833333333333334 0.008
2 0.23066666666666666 0.90475 0.009 0.0155
2 0.15383333333333332 0.994625 0.004333333333333333 0.01025
