2 0.5153333333333333 0.726625 0.008666666666666666 0.00725
2 0.43666666666666665 0.5895 0.009 0.01
2 0.41691666666666666 0.636 0.0085 0.0085
2 0.3636666666666667 0.662375 0.01 0.00925
2 0.10133333333333333 0.342875 0.009333333333333334 0.01275
2 0.23758333333333334 0.2425 0.0085 0.014
2 0.10175 0.138375 0.008166666666666666 0.01125
2 0.08233333333333333 0.078125 0.008 0.01725
2 0.042916666666666665 0.078625 0.010833333333333334 0.00925
2 0.007833333333333333 0.07425 0.008 0.015
2 0.4439166666666667 0.841125 0.007166666666666667 0.00825
