0 0.6505833333333333 0.47225 0.010166666666666666 0.0105
0 0.62175 0.4475 0.010166666666666666 0.015
0 0.6700833333333334 0.3955 0.004833333333333334 0.01
0 0.6705833333333333 0.401625 0.0105 0.01325
0 0.65025 0.402875 0.0115 0.01075
0 0.7725833333333333 0.21425 0.006833333333333334 0.0075
0 0.7738333333333334 0.206875 0.010666666666666666 0.01175
0 0.6148333333333333 0.11 0.006 0.015
0 0.6095 0.10825 0.006666666666666667 0.009
0 0.5993333333333334 0.133 0.004 0.011
0 0.593 0.12975 0.008 0.0155
0 0.3918333333333333 0.215 0.009666666666666667 0.011
0 0.27191666666666664 0.279625 0.006166666666666667 0.00925
0 0.26916666666666667 0.29575 0.006666666666666667 0.0155
0 0.21875 0.219875 0.010166666666666666 0.01225
0 0.22691666666666666 0.05475 0.013833333333333333 0.012
0 0.22941666666666666 0.072875 0.006166666666666667 0.01175
0 0.21891666666666668 0.076875 0.012166666666666666 0.00975
0 0.0695 0.0735 0.009666666666666667 0.0245
0 0.052083333333333336 0.0125 0.010833333333333334 0.009
0 0.048 0.006125 0.008 0.00925
2 0.58425 0.04625 0.008166666666666666 0.0065
2 0.47575 0.05525 0.005833333333333334 0.0135
2 0.43016666666666664 0.00425 0.007666666666666666 0.0065
2 0.36516666666666664 0.108125 0.004333333333333333 0.01125
2 0.35625 0.23675 0.0065 0.01
2 0.34025 0.232 0.0065 0.012
