2 0.19066666666666668 0.048875 0.005666666666666667 0.00875
2 0.11775 0.1095 0.008833333333333334 0.009
2 0.10516666666666667 0.1095 0.008666666666666666 0.009
2 0.05541666666666667 0.098 0.006833333333333334 0.012
2 0.04608333333333333 0.131125 0.011833333333333333 0.00825
2 0.0545 0.2115 0.008 0.007
2 0.2885 0.506375 0.004666666666666667 0.01275
2 0.2805 0.516 0.004333333333333333 0.0115
2 0.2639166666666667 0.559 0.008833333333333334 0.0045
2 0.18258333333333332 0.54575 0.005833333333333334 0.0115
2 0.15433333333333332 0.554 0.005333333333333333 0.008
2 0.11483333333333333 0.56375 0.006 0.0085
2 0.16541666666666666 0.597375 0.006833333333333334 0.00875
2 0.18608333333333332 0.606 0.006833333333333334 0.012
2 0.20041666666666666 0.6045 0.006833333333333334 0.0125
2 0.22191666666666668 0.842 0.005166666666666667 0.0115
2 0.16508333333333333 0.813625 0.005833333333333334 0.01175
2 0.124 0.792875 0.007 0.00675
2 0.22583333333333333 0.900875 0.006 0.01125
2 0.15466666666666667 0.869625 0.007666666666666666 0.00675
2 0.17458333333333334 0.918 0.005833333333333334 0.01
2 0.10741666666666666 0.92075 0.006166666666666667 0.0115
2 0.028166666666666666 0.908875 0.007666666666666666 0.00625
2 0.005416666666666667 0.8285 0.008166666666666666 0.012
2 0.005 0.89325 0.006666666666666667 0.0065
