2 0.355 0.02775 0.004333333333333333 0.0105
2 0.3461666666666667 0.036625 0.004 0.00975
2 0.3299166666666667 0.077375 0.005166666666666667 0.00975
2 0.264 0.11675 0.006 0.009
2 0.25 0.118125 0.007333333333333333 0.00975
2 0.22983333333333333 0.1115 0.007 0.009
2 0.2495 0.06125 0.005666666666666667 0.01
2 0.22125 0.0665 0.005166666666666667 0.0105
2 0.18291666666666667 0.073875 0.0055 0.00825
2 0.06925 0.060125 0.0045 0.01175
2 0.06483333333333334 0.179625 0.004333333333333333 0.00975
2 0.0575 0.174875 0.004333333333333333 0.00775
2 0.07066666666666667 0.323875 0.006333333333333333 0.01225
2 0.06883333333333333 0.384625 0.006333333333333333 0.00725
2 0.08858333333333333 0.402375 0.007166666666666667 0.00675
2 0.18108333333333335 0.30025 0.005833333333333334 0.006
2 0.21908333333333332 0.324125 0.0045 0.01125
2 0.27141666666666664 0.354875 0.004833333333333334 0.01025
2 0.27266666666666667 0.4135 0.005666666666666667 0.0115
2 0.22266666666666668 0.425625 0.005333333333333333 0.00825
2 0.20591666666666666 0.376625 0.0065 0.00425
2 0.16 0.421375 0.005666666666666667 0.00975
2 0.05541666666666667 0.4645 0.004833333333333334 0.009
2 0.09983333333333333 0.58825 0.006333333333333333 0.0075
