4 0.56725 0.8545 0.0095 0.0135
4 0.554 0.817625 0.006333333333333333 0.01525
4 0.5091666666666667 0.7655 0.007 0.017
4 0.43375 0.563 0.008166666666666666 0.012
4 0.3486666666666667 0.49825 0.008333333333333333 0.0145
4 0.34 0.499125 0.006 0.01475
4 0.33691666666666664 0.444875 0.009833333333333333 0.01275
4 0.2995 0.4765 0.008333333333333333 0.016
4 0.3125 0.403125 0.009 0.01625
3 0.44166666666666665 0.48275 0.006333333333333333 0.0045
3 0.4354166666666667 0.483375 0.0055 0.00325
3 0.43466666666666665 0.48025 0.006666666666666667 0.004
4 0.32525 0.360125 0.007166666666666667 0.01875
