2 0.11725 0.140375 0.013166666666666667 0.01275
2 0.10966666666666666 0.18225 0.010333333333333333 0.01
2 0.149 0.274375 0.008 0.00725
2 0.14933333333333335 0.315 0.011 0.009
2 0.20783333333333334 0.342375 0.008333333333333333 0.00575
2 0.27308333333333334 0.35975 0.006833333333333334 0.0085
2 0.25633333333333336 0.373875 0.009666666666666667 0.00625
2 0.24558333333333332 0.3975 0.0045 0.014
2 0.4635 0.140625 0.006 0.01225
2 0.5484166666666667 0.03225 0.006833333333333334 0.0095
2 0.62725 0.15825 0.008166666666666666 0.0075
2 0.8864166666666666 0.118 0.011833333333333333 0.005
2 0.906 0.161625 0.007 0.00925
2 0.9559166666666666 0.202875 0.006833333333333334 0.01175
2 0.9030833333333333 0.20925 0.0055 0.0115
2 0.9439166666666666 0.26575 0.009166666666666667 0.012
2 0.9226666666666666 0.285 0.010333333333333333 0.009
3 0.8799166666666667 0.37475 0.012166666666666666 0.006
3 0.7569166666666667 0.37075 0.0105 0.0075
2 0.7763333333333333 0.806 0.012 0.008
2 0.026916666666666665 0.65125 0.0115 0.0065
2 0.025083333333333332 0.571625 0.009833333333333333 0.00775
2 0.034833333333333334 0.533625 0.007 0.01225
2 0.09683333333333333 0.55475 0.008333333333333333 0.008
2 0.08533333333333333 0.553875 0.008666666666666666 0.01025
2 0.17358333333333334 0.49775 0.005833333333333334 0.009
2 0.25683333333333336 0.975375 0.005 0.01425
2 0.24825 0.984375 0.005166666666666667 0.01175
