0 0.4508333333333333 0.11775 0.005666666666666667 0.0095
0 0.44425 0.111 0.005833333333333334 0.017
0 0.43416666666666665 0.101625 0.011666666666666667 0.00975
0 0.42575 0.110375 0.0055 0.01025
0 0.43525 0.23875 0.0065 0.0165
0 0.42583333333333334 0.243875 0.004666666666666667 0.00925
0 0.6979166666666666 0.290375 0.0075 0.00775
0 0.705 0.293 0.011333333333333334 0.009
0 0.7196666666666667 0.29175 0.008333333333333333 0.0115
0 0.72325 0.302625 0.0065 0.01075
0 0.7438333333333333 0.33 0.006 0.0135
0 0.6705833333333333 0.43725 0.007166666666666667 0.011
0 0.6770833333333334 0.438625 0.010166666666666666 0.01225
0 0.6073333333333333 0.5165 0.009333333333333334 0.01
0 0.5286666666666666 0.48275 0.008666666666666666 0.0095
0 0.5050833333333333 0.493875 0.008166666666666666 0.01575
0 0.51025 0.507125 0.010166666666666666 0.00875
0 0.49625 0.478125 0.005166666666666667 0.01025
0 0.48525 0.4365 0.0075 0.0135
0 0.76275 0.522875 0.006166666666666667 0.00775
0 0.7963333333333333 0.528 0.007666666666666666 0.01
0 0.8066666666666666 0.5355 0.007666666666666666 0.0155
0 0.8058333333333333 0.558625 0.007666666666666666 0.01325
0 0.8203333333333334 0.57275 0.006333333333333333 0.0105
0 0.77375 0.564 0.0085 0.0075
0 0.7683333333333333 0.582 0.008 0.011
0 0.9113333333333333 0.504625 0.006666666666666667 0.00525
0 0.9155833333333333 0.514125 0.005833333333333334 0.01725
0 0.9181666666666667 0.53775 0.012 0.0075
0 0.9329166666666666 0.545125 0.008833333333333334 0.01425
0 0.9119166666666667 0.554375 0.010166666666666666 0.00975
0 0.9200833333333334 0.599 0.012166666666666666 0.009
0 0.9611666666666666 0.633125 0.007 0.00675
0 0.95725 0.642125 0.0065 0.00925
0 0.999 0.635875 0.0016666666666666668 0.00575
0 0.8086666666666666 0.872125 0.010333333333333333 0.01225
0 0.8071666666666667 0.879375 0.006333333333333333 0.00725
0 0.6963333333333334 0.86325 0.007666666666666666 0.0195
0 0.6811666666666667 0.9765 0.004666666666666667 0.0175
0 0.5801666666666667 0.865625 0.007 0.02175
0 0.6305833333333334 0.782125 0.0075 0.01175
0 0.6385833333333333 0.781 0.004166666666666667 0.012
0 0.64975 0.7655 0.006833333333333334 0.012
0 0.6540833333333333 0.763875 0.0075 0.01725
0 0.59375 0.633 0.010166666666666666 0.0095
0 0.48091666666666666 0.61975 0.003833333333333333 0.019
0 0.4705 0.637 0.007333333333333333 0.0065
0 0.4230833333333333 0.8525 0.007833333333333333 0.0155
0 0.29675 0.899875 0.0055 0.00975
0 0.2930833333333333 0.9165 0.0065 0.018
0 0.36891666666666667 0.859 0.006166666666666667 0.0115
0 0.2609166666666667 0.672125 0.010833333333333334 0.00825
0 0.26216666666666666 0.686125 0.006 0.01325
0 0.25083333333333335 0.687875 0.011333333333333334 0.00875
0 0.10041666666666667 0.67775 0.008833333333333334 0.0145
0 0.08416666666666667 0.605125 0.007666666666666666 0.00875
0 0.08683333333333333 0.616375 0.018 0.00675
0 0.032 0.55125 0.004666666666666667 0.009
0 0.025666666666666667 0.549375 0.006 0.00725
0 0.4180833333333333 0.558375 0.0065 0.01025
0 0.36391666666666667 0.53675 0.0065 0.008
0 0.4068333333333333 0.588125 0.006666666666666667 0.00875
0 0.3998333333333333 0.736 0.004666666666666667 0.009
2 0.5064166666666666 0.680875 0.007166666666666667 0.01125
2 0.6255 0.694875 0.007333333333333333 0.00825
2 0.38525 0.86575 0.006166666666666667 0.01
0 0.7954166666666667 0.413875 0.0115 0.00775
0 0.7840833333333334 0.407 0.0085 0.015
0 0.77975 0.43075 0.010833333333333334 0.0165
