1 0.71625 0.203375 0.0165 0.01525
1 0.7121666666666666 0.1945 0.011 0.006
1 0.6978333333333333 0.171875 0.01633333333333333 0.00975
1 0.6985833333333333 0.194875 0.012166666666666666 0.01225
1 0.705 0.247 0.009 0.0225
1 0.6808333333333333 0.22425 0.012333333333333333 0.012
1 0.6905 0.259625 0.013 0.01525
1 0.65325 0.25425 0.011833333333333333 0.01
1 0.6358333333333334 0.192875 0.011333333333333334 0.02175
1 0.6236666666666667 0.200125 0.007 0.01375
1 0.6138333333333333 0.224875 0.009333333333333334 0.01275
1 0.5806666666666667 0.27775 0.009333333333333334 0.016
1 0.5679166666666666 0.285875 0.0055 0.02175
1 0.6265833333333334 0.295625 0.007166666666666667 0.02525
1 0.6350833333333333 0.31 0.013166666666666667 0.0085
1 0.5866666666666667 0.341875 0.013 0.01125
1 0.6164166666666666 0.369375 0.014166666666666666 0.01175
1 0.55075 0.32075 0.0155 0.0095
1 0.5254166666666666 0.305 0.010166666666666666 0.021
1 0.53475 0.355375 0.005833333333333334 0.01975
1 0.5545 0.364375 0.012 0.00675
1 0.5143333333333333 0.373375 0.007333333333333333 0.02075
1 0.5425833333333333 0.396625 0.0065 0.01775
1 0.5511666666666667 0.400125 0.004333333333333333 0.00975
1 0.5666666666666667 0.4035 0.011 0.0175
1 0.6673333333333333 0.32875 0.008666666666666666 0.0155
1 0.48741666666666666 0.384 0.015166666666666667 0.017
1 0.465 0.391875 0.010333333333333333 0.01275
1 0.47875 0.414375 0.0055 0.01225
1 0.47683333333333333 0.428125 0.014 0.01075
1 0.449 0.40625 0.012 0.0125
1 0.43533333333333335 0.49425 0.006 0.0115
1 0.4455 0.517375 0.010666666666666666 0.01875
1 0.40458333333333335 0.51325 0.005833333333333334 0.0175
1 0.41575 0.567125 0.010833333333333334 0.01475
1 0.4310833333333333 0.617875 0.006166666666666667 0.02425
1 0.4811666666666667 0.690875 0.015 0.01125
1 0.45608333333333334 0.71475 0.014833333333333334 0.013
1 0.40016666666666667 0.796 0.015 0.017
1 0.51225 0.826875 0.015833333333333335 0.01375
1 0.38358333333333333 0.925125 0.006833333333333334 0.01675
1 0.3805 0.9665 0.006 0.0165
1 0.37833333333333335 0.98025 0.009 0.0275
3 0.24333333333333335 0.6935 0.007 0.012
3 0.23925 0.625125 0.004166666666666667 0.01225
3 0.24433333333333335 0.564875 0.005333333333333333 0.01025
3 0.23941666666666667 0.57475 0.004833333333333334 0.0115
3 0.25675 0.74525 0.008833333333333334 0.009
