2 0.18566666666666667 0.211125 0.006666666666666667 0.01725
2 0.13775 0.313375 0.008833333333333334 0.01075
2 0.04108333333333333 0.361375 0.012833333333333334 0.01525
2 0.14441666666666667 0.396875 0.011833333333333333 0.00725
2 0.13925 0.42775 0.0095 0.013
2 0.12433333333333334 0.50875 0.006666666666666667 0.011
2 0.17241666666666666 0.532375 0.009833333333333333 0.00775
2 0.06925 0.494125 0.0075 0.00675
2 0.04325 0.511125 0.006166666666666667 0.01525
2 0.01 0.560875 0.012 0.00475
2 0.07383333333333333 0.583 0.007666666666666666 0.013
2 0.09275 0.5875 0.006833333333333334 0.019
2 0.12308333333333334 0.720375 0.011833333333333333 0.00725
2 0.0945 0.718875 0.011666666666666667 0.00975
2 0.098 0.736125 0.010666666666666666 0.00675
2 0.11341666666666667 0.744 0.009166666666666667 0.0095
2 0.13083333333333333 0.785625 0.008333333333333333 0.01325
2 0.11808333333333333 0.82475 0.0065 0.015
2 0.10183333333333333 0.828875 0.011 0.00575
2 0.12866666666666668 0.84775 0.007 0.007
2 0.13425 0.859375 0.006166666666666667 0.00725
2 0.12375 0.903375 0.0075 0.01025
2 0.06408333333333334 0.882125 0.0065 0.00775
