2 0.9980833333333333 0.9185 0.003833333333333333 0.0075
2 0.9795833333333334 0.983875 0.0125 0.00825
2 0.905 0.902 0.009 0.0155
2 0.7433333333333333 0.919125 0.004666666666666667 0.01525
2 0.733 0.85925 0.006666666666666667 0.0115
2 0.9183333333333333 0.836375 0.006666666666666667 0.01075
2 0.9520833333333333 0.781875 0.008166666666666666 0.00775
2 0.9455 0.79425 0.009333333333333334 0.0115
2 0.93875 0.750875 0.0065 0.01275
2 0.8940833333333333 0.743625 0.0115 0.00775
2 0.93375 0.6935 0.007833333333333333 0.013
2 0.8098333333333333 0.6955 0.010666666666666666 0.0095
2 0.9225833333333333 0.656375 0.008833333333333334 0.00975
2 0.88875 0.662125 0.009833333333333333 0.01075
2 0.8469166666666667 0.65475 0.009166666666666667 0.0085
2 0.8748333333333334 0.616125 0.009333333333333334 0.01575
2 0.81275 0.64225 0.007833333333333333 0.0145
2 0.7953333333333333 0.62675 0.006333333333333333 0.0155
2 0.8041666666666667 0.580125 0.006333333333333333 0.01125
2 0.8063333333333333 0.540125 0.007333333333333333 0.01375
2 0.7995 0.50275 0.007666666666666666 0.0065
2 0.7978333333333333 0.5075 0.011333333333333334 0.0065
2 0.8479166666666667 0.48875 0.009166666666666667 0.0075
2 0.98325 0.606125 0.009833333333333333 0.00925
2 0.8215 0.440625 0.005333333333333333 0.01175
2 0.8750833333333333 0.417375 0.010833333333333334 0.00775
2 0.8905833333333333 0.42025 0.004166666666666667 0.0135
2 0.8836666666666667 0.38275 0.007666666666666666 0.015
2 0.8944166666666666 0.368875 0.005166666666666667 0.01425
2 0.8290833333333333 0.3585 0.0065 0.0125
2 0.7610833333333333 0.389125 0.006166666666666667 0.01375
2 0.65175 0.42425 0.0085 0.011
2 0.6240833333333333 0.464625 0.009833333333333333 0.00675
2 0.6124166666666667 0.478625 0.007166666666666667 0.00725
2 0.6513333333333333 0.521375 0.008333333333333333 0.00825
2 0.6234166666666666 0.408125 0.007166666666666667 0.00625
2 0.60075 0.38525 0.005166666666666667 0.015
2 0.5701666666666667 0.441 0.007333333333333333 0.0095
2 0.7049166666666666 0.371 0.009166666666666667 0.0045
2 0.6705833333333333 0.370125 0.007166666666666667 0.01525
2 0.689 0.33875 0.010333333333333333 0.0055
2 0.6611666666666667 0.356375 0.007333333333333333 0.01025
2 0.6175 0.343 0.01 0.007
2 0.6225 0.3285 0.007 0.0125
2 0.68175 0.30525 0.0105 0.012
2 0.6165 0.301125 0.009666666666666667 0.00575
2 0.7865 0.34675 0.006 0.01
2 0.8214166666666667 0.311375 0.010166666666666666 0.01125
2 0.8056666666666666 0.307125 0.009333333333333334 0.00975
2 0.8969166666666667 0.32075 0.0075 0.01
2 0.8743333333333333 0.309625 0.008333333333333333 0.00675
2 0.87775 0.295625 0.004833333333333334 0.01225
2 0.84225 0.2755 0.0085 0.0075
2 0.8126666666666666 0.265125 0.008 0.00875
2 0.8408333333333333 0.234875 0.007666666666666666 0.01025
2 0.8125 0.225 0.007333333333333333 0.009
2 0.8188333333333333 0.196 0.008333333333333333 0.007
2 0.8518333333333333 0.215375 0.006 0.01325
2 0.8705833333333334 0.207 0.007833333333333333 0.0135
2 0.7853333333333333 0.130875 0.005333333333333333 0.01325
2 0.7648333333333334 0.160125 0.006333333333333333 0.01225
2 0.8324166666666667 0.0855 0.0075 0.008
2 0.8814166666666666 0.032875 0.008833333333333334 0.00675
2 0.915 0.082375 0.005666666666666667 0.00925
2 0.8514166666666667 0.0265 0.010166666666666666 0.009
2 0.7884166666666667 0.0235 0.006166666666666667 0.0125
2 0.7279166666666667 0.013 0.005166666666666667 0.013
2 0.7561666666666667 0.0725 0.007666666666666666 0.008
2 0.7441666666666666 0.070125 0.005666666666666667 0.00675
2 0.7118333333333333 0.108625 0.005 0.01075
2 0.72 0.1715 0.004 0.0125
2 0.69325 0.12275 0.006166666666666667 0.0145
2 0.6850833333333334 0.125625 0.011166666666666667 0.01425
2 0.6944166666666667 0.174125 0.0075 0.00925
2 0.6535 0.151875 0.003 0.01525
2 0.73225 0.210875 0.008833333333333334 0.01025
2 0.6629166666666667 0.2035 0.0075 0.009
2 0.6166666666666667 0.186375 0.006 0.01125
2 0.6264166666666666 0.079875 0.005166666666666667 0.01025
2 0.6238333333333334 0.051625 0.006 0.00775
2 0.6486666666666666 0.0475 0.005666666666666667 0.012
2 0.6814166666666667 0.0105 0.0035 0.019
2 0.53575 0.0055 0.006833333333333334 0.011
2 0.527 0.064375 0.007 0.00825
2 0.4975 0.064125 0.006 0.01075
2 0.5730833333333333 0.54675 0.007833333333333333 0.0085
2 0.3710833333333333 0.30475 0.005166666666666667 0.0105
2 0.5473333333333333 0.22725 0.005333333333333333 0.0145
2 0.763 0.282 0.005 0.01
