0 0.23958333333333334 0.127875 0.010166666666666666 0.01725
0 0.28208333333333335 0.233625 0.0095 0.00825
0 0.28275 0.261875 0.006166666666666667 0.01575
0 0.29525 0.275875 0.005833333333333334 0.01225
0 0.13616666666666666 0.360375 0.008 0.01725
0 0.13308333333333333 0.37425 0.006833333333333334 0.01
0 0.19833333333333333 0.495625 0.007666666666666666 0.00575
0 0.21841666666666668 0.522875 0.010833333333333334 0.00925
0 0.19533333333333333 0.58125 0.006333333333333333 0.0185
0 0.17891666666666667 0.60525 0.0045 0.01
0 0.8140833333333334 0.54375 0.008833333333333334 0.0095
0 0.8311666666666667 0.50275 0.011333333333333334 0.0055
0 0.8335833333333333 0.486375 0.009166666666666667 0.00725
0 0.8475833333333334 0.491625 0.006166666666666667 0.01525
0 0.8696666666666667 0.48425 0.012333333333333333 0.0095
0 0.9005833333333333 0.5185 0.007166666666666667 0.006
0 0.8993333333333333 0.5335 0.010666666666666666 0.012
0 0.9820833333333333 0.46675 0.009166666666666667 0.008
0 0.9384166666666667 0.46825 0.007166666666666667 0.01
0 0.9303333333333333 0.458625 0.009333333333333334 0.01075
0 0.91075 0.449375 0.010166666666666666 0.01325
0 0.9038333333333334 0.449 0.008 0.013
0 0.883 0.439375 0.011 0.01125
0 0.7978333333333333 0.378125 0.007666666666666666 0.00725
0 0.7905833333333333 0.398625 0.009166666666666667 0.01225
0 0.9334166666666667 0.349625 0.007166666666666667 0.01525
0 0.9291666666666667 0.363375 0.007 0.00625
0 0.9470833333333334 0.312125 0.0075 0.00825
0 0.822 0.192875 0.010333333333333333 0.00925
0 0.7764166666666666 0.25025 0.0135 0.0155
0 0.898 0.13975 0.007333333333333333 0.007
0 0.8933333333333333 0.12975 0.01 0.0095
0 0.85725 0.106625 0.006166666666666667 0.00525
0 0.8534166666666667 0.102625 0.010833333333333334 0.01325
0 0.8894166666666666 0.083875 0.010166666666666666 0.01825
0 0.831 0.08575 0.009333333333333334 0.017
0 0.8456666666666667 0.05275 0.006 0.0085
0 0.8935 0.007625 0.005333333333333333 0.00825
0 0.8940833333333333 0.002375 0.006833333333333334 0.00475
