0 0.27141666666666664 0.008 0.010833333333333334 0.016
0 0.23491666666666666 0.0155 0.0115 0.0115
0 0.26375 0.03575 0.014166666666666666 0.0125
0 0.23875 0.0415 0.009833333333333333 0.0145
0 0.22908333333333333 0.037125 0.0155 0.01025
0 0.26666666666666666 0.077375 0.011666666666666667 0.00975
0 0.2718333333333333 0.08725 0.008 0.014
0 0.28908333333333336 0.100125 0.007833333333333333 0.02175
0 0.27891666666666665 0.12125 0.010166666666666666 0.017
0 0.2725 0.129875 0.009 0.00725
0 0.253 0.178 0.013666666666666667 0.0115
0 0.3155 0.206375 0.01 0.01475
0 0.26225 0.2245 0.0105 0.016
0 0.25425 0.214375 0.013833333333333333 0.00925
0 0.28125 0.26825 0.011833333333333333 0.0145
0 0.27316666666666667 0.268625 0.007666666666666666 0.00775
0 0.3030833333333333 0.278125 0.0095 0.01125
0 0.298 0.28525 0.015333333333333332 0.009
0 0.2856666666666667 0.29375 0.009666666666666667 0.019
0 0.27691666666666664 0.29325 0.0065 0.016
0 0.2673333333333333 0.3115 0.010333333333333333 0.018
0 0.25025 0.323 0.0115 0.016
0 0.30591666666666667 0.323375 0.007166666666666667 0.01725
0 0.32508333333333334 0.334625 0.0125 0.01025
0 0.33175 0.352125 0.0105 0.00625
0 0.353 0.25 0.007333333333333333 0.016
0 0.41533333333333333 0.225 0.009 0.009
0 0.39958333333333335 0.12675 0.007833333333333333 0.012
0 0.402 0.03775 0.003 0.0145
0 0.41191666666666665 0.05425 0.008833333333333334 0.011
0 0.43725 0.040375 0.004833333333333334 0.01275
0 0.45916666666666667 0.034375 0.008333333333333333 0.01625
0 0.4865 0.012 0.006333333333333333 0.0085
0 0.2544166666666667 0.357375 0.008166666666666666 0.00775
0 0.24575 0.361125 0.0065 0.02125
0 0.13241666666666665 0.3135 0.010833333333333334 0.023
0 0.32408333333333333 0.3945 0.010833333333333334 0.0175
0 0.32675 0.41275 0.006166666666666667 0.013
0 0.37683333333333335 0.378875 0.008666666666666666 0.01275
0 0.3849166666666667 0.383 0.0065 0.01
0 0.42425 0.34225 0.010833333333333334 0.016
0 0.45991666666666664 0.36175 0.007833333333333333 0.0145
0 0.45125 0.37775 0.007166666666666667 0.012
0 0.47441666666666665 0.4025 0.007833333333333333 0.01
0 0.34158333333333335 0.454875 0.008833333333333334 0.00975
0 0.27258333333333334 0.521125 0.011166666666666667 0.01475
0 0.2694166666666667 0.5275 0.008833333333333334 0.003
0 0.22408333333333333 0.517875 0.007833333333333333 0.01075
0 0.20091666666666666 0.52 0.008833333333333334 0.016
0 0.16133333333333333 0.56975 0.01 0.0125
0 0.18725 0.600875 0.009833333333333333 0.00975
0 0.24658333333333332 0.60425 0.011833333333333333 0.012
0 0.20666666666666667 0.666 0.011666666666666667 0.0105
0 0.4375 0.5055 0.012666666666666666 0.012
0 0.4365 0.52225 0.007666666666666666 0.014
0 0.42925 0.549375 0.009166666666666667 0.01575
0 0.50475 0.494375 0.0115 0.00875
0 0.49391666666666667 0.49175 0.0055 0.0075
0 0.5575833333333333 0.476125 0.011166666666666667 0.01375
0 0.54725 0.49225 0.006166666666666667 0.01
0 0.64825 0.46875 0.008833333333333334 0.0075
0 0.6855 0.46275 0.012666666666666666 0.0075
0 0.7446666666666667 0.497125 0.012333333333333333 0.01175
0 0.7761666666666667 0.56125 0.007333333333333333 0.011
0 0.7168333333333333 0.599375 0.008666666666666666 0.01475
0 0.6206666666666667 0.606375 0.013333333333333334 0.00875
0 0.625 0.64 0.005 0.0065
0 0.5598333333333333 0.57225 0.008333333333333333 0.0095
0 0.5240833333333333 0.553125 0.005166666666666667 0.00775
0 0.54475 0.58625 0.0085 0.0125
0 0.5294166666666666 0.586 0.006833333333333334 0.0095
0 0.8030833333333334 0.710875 0.009166666666666667 0.00525
0 0.7896666666666666 0.711375 0.011 0.01225
0 0.89075 0.79075 0.010833333333333334 0.009
0 0.8904166666666666 0.799875 0.015833333333333335 0.00775
0 0.85775 0.86225 0.012166666666666666 0.0075
0 0.813 0.83225 0.008333333333333333 0.02
0 0.8895833333333333 0.92425 0.0135 0.011
0 0.90075 0.952625 0.008166666666666666 0.01325
0 0.269 0.96575 0.010666666666666666 0.021
0 0.25616666666666665 0.907625 0.007666666666666666 0.02225
0 0.17408333333333334 0.982125 0.006833333333333334 0.01625
0 0.14991666666666667 0.96475 0.013833333333333333 0.018
0 0.11833333333333333 0.99575 0.005666666666666667 0.0075
0 0.16441666666666666 0.880875 0.008833333333333334 0.00725
0 0.15566666666666668 0.86425 0.013666666666666667 0.014
0 0.17533333333333334 0.82625 0.012333333333333333 0.011
0 0.18925 0.7855 0.0105 0.0145
0 0.21266666666666667 0.7955 0.011333333333333334 0.0215
0 0.23041666666666666 0.80625 0.008833333333333334 0.007
0 0.31633333333333336 0.759625 0.006666666666666667 0.01375
0 0.11141666666666666 0.70375 0.0125 0.015
0 0.0625 0.660625 0.01633333333333333 0.01075
0 0.043333333333333335 0.601375 0.015666666666666666 0.00825
0 0.04558333333333333 0.514 0.0165 0.0125
0 0.07841666666666666 0.50125 0.014833333333333334 0.012
0 0.0945 0.44875 0.013 0.0185
0 0.012166666666666666 0.446 0.012 0.0225
0 0.003 0.458375 0.006 0.01025
0 0.14283333333333334 0.43225 0.008333333333333333 0.019
0 0.16633333333333333 0.457375 0.011333333333333334 0.00675
0 0.19016666666666668 0.471125 0.016 0.01375
0 0.98125 0.887625 0.014833333333333334 0.01025
0 0.94325 0.129375 0.007166666666666667 0.00725
0 0.9205 0.100625 0.009 0.02625
0 0.41683333333333333 0.620625 0.005333333333333333 0.00775
