0 0.28425 0.0605 0.005833333333333334 0.013
0 0.21575 0.1535 0.0105 0.017
0 0.12291666666666666 0.33325 0.011166666666666667 0.015
0 0.12208333333333334 0.353375 0.005166666666666667 0.01275
0 0.3939166666666667 0.2845 0.0075 0.0095
0 0.34908333333333336 0.310375 0.007166666666666667 0.01875
0 0.158 0.485375 0.005666666666666667 0.01675
0 0.3095833333333333 0.665375 0.0065 0.01125
0 0.30633333333333335 0.7005 0.005333333333333333 0.01
0 0.29325 0.713625 0.0075 0.01775
0 0.36341666666666667 0.698125 0.005166666666666667 0.01475
0 0.38025 0.688 0.005166666666666667 0.011
0 0.24058333333333334 0.935125 0.0055 0.02225
0 0.23783333333333334 0.945625 0.0036666666666666666 0.00975
0 0.6785 0.881625 0.006333333333333333 0.01675
0 0.6941666666666667 0.733875 0.01 0.01275
0 0.6563333333333333 0.641625 0.008666666666666666 0.00575
0 0.6453333333333333 0.643 0.004333333333333333 0.008
0 0.6083333333333333 0.64975 0.009333333333333334 0.0105
0 0.61425 0.61575 0.008833333333333334 0.0095
0 0.6090833333333333 0.59675 0.005166666666666667 0.0175
0 0.6210833333333333 0.577875 0.006833333333333334 0.00875
0 0.616 0.5765 0.009666666666666667 0.0135
0 0.602 0.581 0.008 0.0165
0 0.6890833333333334 0.553875 0.004833333333333334 0.02075
0 0.6658333333333334 0.538 0.008 0.015
0 0.80075 0.599625 0.0065 0.00725
0 0.9058333333333334 0.3575 0.007 0.011
0 0.8961666666666667 0.354 0.009666666666666667 0.0175
0 0.877 0.31125 0.009666666666666667 0.008
0 0.8755 0.318375 0.006 0.00875
0 0.90025 0.185875 0.009166666666666667 0.01025
0 0.8326666666666667 0.108 0.009333333333333334 0.0155
0 0.8128333333333333 0.062875 0.009333333333333334 0.01025
0 0.73425 0.0085 0.009166666666666667 0.009
0 0.55625 0.192625 0.006833333333333334 0.00725
0 0.5481666666666667 0.197375 0.007 0.01375
