0 0.61925 0.601375 0.0105 0.01625
0 0.6331666666666667 0.655125 0.008666666666666666 0.01475
0 0.5994166666666667 0.645375 0.009166666666666667 0.01525
0 0.57975 0.654625 0.009833333333333333 0.01125
0 0.5718333333333333 0.726375 0.006 0.01525
0 0.53 0.75275 0.012 0.0125
0 0.5338333333333334 0.7665 0.008 0.015
0 0.5375833333333333 0.794375 0.008833333333333334 0.01525
0 0.53675 0.81175 0.008833333333333334 0.019
0 0.521 0.821 0.009 0.0195
0 0.5448333333333333 0.84975 0.008666666666666666 0.0185
0 0.49866666666666665 0.857125 0.004 0.01725
0 0.5774166666666667 0.878625 0.007166666666666667 0.01375
0 0.47625 0.876375 0.012166666666666666 0.01425
0 0.46558333333333335 0.904875 0.013833333333333333 0.01275
0 0.45458333333333334 0.92525 0.0055 0.01
0 0.44208333333333333 0.93775 0.011166666666666667 0.0205
0 0.27991666666666665 0.72575 0.0095 0.0225
0 0.5681666666666667 0.91425 0.005333333333333333 0.0135
0 0.5539166666666666 0.917375 0.009166666666666667 0.02025
0 0.70375 0.80375 0.012166666666666666 0.014
0 0.9744166666666667 0.872625 0.009833333333333333 0.00875
0 0.9944166666666666 0.874 0.011166666666666667 0.016
0 0.9964166666666666 0.81625 0.007166666666666667 0.017
0 0.9669166666666666 0.572 0.0115 0.018
0 0.9104166666666667 0.470125 0.008833333333333334 0.00925
0 0.8780833333333333 0.238875 0.006166666666666667 0.01425
0 0.9103333333333333 0.2095 0.01 0.0115
0 0.9049166666666667 0.21675 0.009166666666666667 0.0125
0 0.8445 0.1625 0.013333333333333334 0.0125
0 0.86 0.132875 0.006333333333333333 0.01225
0 0.9714166666666667 0.1435 0.008833333333333334 0.0125
0 0.9948333333333333 0.155875 0.009666666666666667 0.02025
0 0.9828333333333333 0.184125 0.006 0.01275
0 0.32816666666666666 0.987375 0.013666666666666667 0.01475
