0 0.9120833333333334 0.14825 0.0095 0.009
0 0.7555833333333334 0.67525 0.012166666666666666 0.0095
0 0.83275 0.790375 0.0055 0.01025
0 0.77075 0.818875 0.006166666666666667 0.00625
0 0.7671666666666667 0.82225 0.007333333333333333 0.008
0 0.7863333333333333 0.809375 0.007333333333333333 0.01025
0 0.7805 0.8 0.008333333333333333 0.0115
0 0.7065 0.76625 0.009 0.0135
0 0.695 0.8595 0.006 0.018
0 0.6523333333333333 0.98375 0.004333333333333333 0.0215
0 0.6138333333333333 0.967625 0.004666666666666667 0.01625
0 0.59475 0.98075 0.005833333333333334 0.01
0 0.5364166666666667 0.819375 0.0075 0.00725
0 0.542 0.736875 0.006666666666666667 0.00975
0 0.5338333333333334 0.7435 0.011 0.0075
0 0.4895833333333333 0.511 0.007833333333333333 0.0055
0 0.48591666666666666 0.50925 0.010166666666666666 0.0125
0 0.4359166666666667 0.842375 0.005833333333333334 0.01675
0 0.399 0.856 0.004 0.0105
0 0.3983333333333333 0.8995 0.009666666666666667 0.017
0 0.3650833333333333 0.99425 0.0045 0.0115
0 0.32816666666666666 0.786375 0.008333333333333333 0.00925
0 0.30333333333333334 0.7345 0.007 0.0135
0 0.121 0.88925 0.006666666666666667 0.018
0 0.11333333333333333 0.889625 0.009333333333333334 0.00775
0 0.07366666666666667 0.9115 0.008666666666666666 0.0065
0 0.0505 0.921375 0.006333333333333333 0.01525
0 0.034416666666666665 0.876375 0.0105 0.01825
0 0.006083333333333333 0.8075 0.0095 0.01
0 0.035916666666666666 0.3455 0.012166666666666666 0.0065
0 0.0435 0.364625 0.017 0.00775
0 0.13016666666666668 0.343125 0.017666666666666667 0.00775
0 0.1175 0.361375 0.012333333333333333 0.00525
