2 0.3175 0.62475 0.007666666666666666 0.011
2 0.2976666666666667 0.611875 0.006666666666666667 0.01175
2 0.2925 0.644375 0.006333333333333333 0.01225
2 0.24325 0.63025 0.011166666666666667 0.008
2 0.25616666666666665 0.652 0.008 0.011
2 0.2920833333333333 0.6925 0.0075 0.0095
2 0.301 0.717375 0.008 0.01075
2 0.23941666666666667 0.684875 0.0075 0.01375
2 0.2335 0.769625 0.006 0.01075
2 0.19675 0.737875 0.0065 0.01475
2 0.10658333333333334 0.58425 0.008166666666666666 0.0165
2 0.07641666666666666 0.581125 0.012833333333333334 0.00575
2 0.09033333333333333 0.607375 0.010333333333333333 0.01425
2 0.30041666666666667 0.89175 0.0075 0.01
2 0.16216666666666665 0.9925 0.008333333333333333 0.0125
2 0.08108333333333333 0.91475 0.009833333333333333 0.01
2 0.013333333333333334 0.983125 0.010666666666666666 0.01025
