0 0.86775 0.825875 0.006833333333333334 0.01475
0 0.8541666666666666 0.8335 0.009666666666666667 0.016
0 0.88475 0.685125 0.0075 0.00725
0 0.8525833333333334 0.4705 0.009166666666666667 0.0155
0 0.7818333333333334 0.517125 0.012333333333333333 0.00875
0 0.38516666666666666 0.52 0.012 0.0075
0 0.3859166666666667 0.539875 0.0105 0.00825
0 0.3868333333333333 0.54675 0.007333333333333333 0.008
0 0.36983333333333335 0.571375 0.007666666666666666 0.01125
0 0.46275 0.72475 0.008166666666666666 0.01
0 0.2795 0.509125 0.006 0.00775
0 0.27758333333333335 0.50375 0.0085 0.007
0 0.33108333333333334 0.418125 0.008166666666666666 0.00825
0 0.29841666666666666 0.315375 0.0055 0.00625
0 0.16833333333333333 0.14525 0.009333333333333334 0.0175
0 0.09675 0.3905 0.007833333333333333 0.007
0 0.19483333333333333 0.466375 0.009 0.01125
0 0.09933333333333333 0.779625 0.011333333333333334 0.01375
0 0.04325 0.821875 0.008833333333333334 0.01575
0 0.072 0.883375 0.013 0.01125
0 0.07158333333333333 0.9065 0.012166666666666666 0.014
