1 0.5720833333333334 0.252625 0.009166666666666667 0.01675
1 0.557 0.253125 0.010666666666666666 0.02325
1 0.5753333333333334 0.704625 0.006 0.02425
1 0.54425 0.700875 0.0145 0.01325
1 0.534 0.704 0.007666666666666666 0.0105
1 0.5355833333333333 0.771625 0.008833333333333334 0.01925
1 0.5459166666666667 0.804 0.015833333333333335 0.013
1 0.56275 0.789875 0.007833333333333333 0.00575
1 0.5701666666666667 0.78575 0.008333333333333333 0.022
1 0.5953333333333334 0.822375 0.014666666666666666 0.01425
1 0.9951666666666666 0.634375 0.009 0.01075
1 0.94275 0.743125 0.0125 0.01575
1 0.97725 0.782 0.010833333333333334 0.0185
1 0.9715833333333334 0.904875 0.0095 0.01825
1 0.8813333333333333 0.920375 0.014666666666666666 0.02225
1 0.938 0.991 0.01633333333333333 0.0125
1 0.8321666666666667 0.97875 0.012 0.0175
1 0.8071666666666667 0.2245 0.014666666666666666 0.018
1 0.8281666666666667 0.2125 0.012333333333333333 0.0115
1 0.9218333333333333 0.209125 0.008666666666666666 0.01975
1 0.9009166666666667 0.189875 0.013833333333333333 0.01725
1 0.9378333333333333 0.169625 0.01 0.01725
1 0.93175 0.14 0.0115 0.0205
1 0.97675 0.128875 0.017833333333333333 0.01425
1 0.9323333333333333 0.0895 0.007333333333333333 0.024
1 0.9745 0.019125 0.007 0.02325
1 0.9656666666666667 0.02875 0.009 0.0245
