0 0.7584166666666666 0.514125 0.0095 0.01675
0 0.7520833333333333 0.515 0.006166666666666667 0.0075
0 0.73525 0.539625 0.0075 0.00725
0 0.62525 0.461625 0.005833333333333334 0.01875
0 0.5846666666666667 0.445 0.004 0.018
0 0.5651666666666667 0.45925 0.005666666666666667 0.0065
0 0.6685833333333333 0.32875 0.004166666666666667 0.017
0 0.76175 0.2845 0.006166666666666667 0.008
0 0.7561666666666667 0.27 0.008666666666666666 0.0145
0 0.7463333333333333 0.29425 0.005 0.0065
0 0.74225 0.294625 0.0065 0.00775
0 0.8088333333333333 0.264375 0.005666666666666667 0.01175
0 0.7293333333333333 0.139375 0.011 0.00725
0 0.6784166666666667 0.23325 0.009166666666666667 0.0095
0 0.511 0.196375 0.006 0.01025
0 0.5028333333333334 0.20375 0.010333333333333333 0.01
0 0.5050833333333333 0.283375 0.005833333333333334 0.00725
0 0.40241666666666664 0.304625 0.0055 0.01775
0 0.36325 0.316875 0.004166666666666667 0.01125
0 0.36183333333333334 0.360875 0.009 0.01125
0 0.29283333333333333 0.2425 0.006666666666666667 0.0075
0 0.2688333333333333 0.18675 0.006666666666666667 0.019
0 0.07925 0.339375 0.013166666666666667 0.01275
0 0.07075 0.345125 0.0075 0.00575
0 0.031166666666666665 0.363375 0.011 0.00775
0 0.006833333333333334 0.373 0.006333333333333333 0.013
0 0.12716666666666668 0.667 0.008333333333333333 0.0155
0 0.12216666666666667 0.662875 0.004333333333333333 0.01025
0 0.33541666666666664 0.479 0.0115 0.0135
0 0.3396666666666667 0.490375 0.005666666666666667 0.01575
0 0.3323333333333333 0.5 0.006 0.0095
0 0.4190833333333333 0.51025 0.006166666666666667 0.0115
0 0.4043333333333333 0.529125 0.006 0.00825
0 0.49283333333333335 0.621625 0.010333333333333333 0.00925
0 0.4608333333333333 0.63125 0.008333333333333333 0.01
0 0.37425 0.659875 0.0065 0.02025
0 0.364 0.63825 0.007333333333333333 0.011
0 0.3441666666666667 0.75875 0.010333333333333333 0.013
0 0.35158333333333336 0.779 0.0045 0.011
0 0.35191666666666666 0.82775 0.0045 0.013
0 0.35933333333333334 0.851375 0.006333333333333333 0.01275
0 0.33208333333333334 0.940625 0.0105 0.01375
0 0.28783333333333333 0.945875 0.006 0.01075
0 0.26466666666666666 0.97175 0.009 0.0115
0 0.2545 0.965125 0.013 0.01225
0 0.16383333333333333 0.93525 0.007666666666666666 0.016
0 0.12016666666666667 0.9265 0.007 0.016
0 0.07908333333333334 0.862 0.0115 0.0075
0 0.025 0.870375 0.009666666666666667 0.01625
0 0.01375 0.84575 0.009833333333333333 0.008
0 0.005833333333333334 0.777375 0.008333333333333333 0.01925
0 0.5494166666666667 0.8555 0.008166666666666666 0.0145
0 0.5351666666666667 0.871875 0.011666666666666667 0.01275
0 0.4756666666666667 0.847875 0.007 0.01475
