0 0.5686666666666667 0.484875 0.013 0.00775
0 0.5365 0.4615 0.01 0.0185
0 0.53925 0.49775 0.008166666666666666 0.0185
0 0.5243333333333333 0.500875 0.007666666666666666 0.01925
0 0.6534166666666666 0.492375 0.0115 0.01125
0 0.6746666666666666 0.41725 0.009 0.02
0 0.7525 0.4385 0.007333333333333333 0.0185
0 0.7885 0.386125 0.008 0.01975
0 0.6900833333333334 0.21875 0.007833333333333333 0.02
0 0.8444166666666667 0.88825 0.0105 0.018
0 0.81925 0.8625 0.0105 0.017
0 0.31375 0.916 0.011166666666666667 0.0175
0 0.3293333333333333 0.90575 0.007333333333333333 0.021
0 0.3625 0.872375 0.010666666666666666 0.01375
0 0.31966666666666665 0.7585 0.01 0.017
0 0.33066666666666666 0.763125 0.012666666666666666 0.01475
0 0.32516666666666666 0.772625 0.006 0.01525
0 0.6271666666666667 0.639375 0.005666666666666667 0.01825
