0 0.08991666666666667 0.07375 0.011833333333333333 0.0125
0 0.14983333333333335 0.0955 0.014333333333333333 0.014
0 0.20166666666666666 0.09475 0.008333333333333333 0.008
0 0.1725 0.125125 0.015 0.00925
0 0.06691666666666667 0.244625 0.007166666666666667 0.01175
0 0.028416666666666666 0.25675 0.013833333333333333 0.0185
0 0.4846666666666667 0.05675 0.007 0.0215
0 0.44166666666666665 0.148 0.005333333333333333 0.01
0 0.4310833333333333 0.349125 0.0045 0.01725
0 0.4385 0.357375 0.004666666666666667 0.01275
0 0.4964166666666667 0.348625 0.0065 0.01275
0 0.4984166666666667 0.351375 0.006833333333333334 0.01625
0 0.5091666666666667 0.540125 0.01 0.01175
0 0.34391666666666665 0.519625 0.0085 0.00425
0 0.49066666666666664 0.637375 0.006666666666666667 0.01275
0 0.43883333333333335 0.754125 0.008666666666666666 0.01625
0 0.6334166666666666 0.469 0.0031666666666666666 0.0085
0 0.62925 0.46575 0.006166666666666667 0.0165
0 0.6815833333333333 0.142625 0.006833333333333334 0.01825
0 0.7538333333333334 0.10825 0.007333333333333333 0.0085
0 0.9185 0.195875 0.008333333333333333 0.01975
0 0.9151666666666667 0.18325 0.008333333333333333 0.0125
0 0.9693333333333334 0.3235 0.008666666666666666 0.0085
0 0.96525 0.336125 0.010166666666666666 0.01775
0 0.8526666666666667 0.505125 0.004666666666666667 0.01275
0 0.863 0.59225 0.009 0.0185
0 0.8565 0.6515 0.013 0.0085
0 0.8166666666666667 0.7265 0.007333333333333333 0.012
0 0.8495 0.7415 0.009 0.015
0 0.8436666666666667 0.755875 0.006 0.01275
0 0.8576666666666667 0.769 0.012 0.0155
0 0.8845 0.7735 0.008333333333333333 0.0105
0 0.8630833333333333 0.7985 0.004833333333333334 0.007
0 0.9471666666666667 0.70075 0.014333333333333333 0.0135
