0 0.35375 0.10525 0.012166666666666666 0.0185
0 0.3769166666666667 0.11475 0.0155 0.013
0 0.5124166666666666 0.15275 0.009833333333333333 0.0105
0 0.80425 0.205625 0.0145 0.00925
0 0.8378333333333333 0.196625 0.012666666666666666 0.00975
0 0.8268333333333333 0.080375 0.007333333333333333 0.02025
0 0.9843333333333333 0.577625 0.010666666666666666 0.00725
0 0.9758333333333333 0.586 0.009333333333333334 0.019
0 0.9559166666666666 0.559625 0.011833333333333333 0.01875
0 0.9506666666666667 0.56825 0.008333333333333333 0.0165
0 0.9181666666666667 0.573375 0.008333333333333333 0.01625
0 0.8169166666666666 0.6105 0.013166666666666667 0.017
0 0.9059166666666667 0.806 0.0095 0.0175
0 0.6019166666666667 0.6065 0.0125 0.0085
0 0.38758333333333334 0.808625 0.012166666666666666 0.01175
0 0.18375 0.6005 0.008833333333333334 0.0085
0 0.17625 0.583875 0.011833333333333333 0.00775
0 0.18091666666666667 0.5675 0.010833333333333334 0.0085
0 0.19383333333333333 0.541875 0.008 0.01875
0 0.16183333333333333 0.5585 0.007666666666666666 0.017
0 0.17141666666666666 0.50025 0.011166666666666667 0.0115
