0 0.801 0.53 0.013666666666666667 0.0185
0 0.3825 0.9215 0.008666666666666666 0.0225
0 0.3478333333333333 0.888375 0.009666666666666667 0.02075
0 0.25783333333333336 0.9865 0.007 0.0245
0 0.22133333333333333 0.989625 0.007 0.01975
0 0.23366666666666666 0.9355 0.01 0.0225
0 0.21858333333333332 0.867375 0.0065 0.02675
0 0.12566666666666668 0.976375 0.015666666666666666 0.01025
0 0.12083333333333333 0.90775 0.01633333333333333 0.011
0 0.08333333333333333 0.8615 0.010666666666666666 0.019
0 0.05658333333333333 0.855125 0.006833333333333334 0.02275
0 0.059833333333333336 0.884 0.008333333333333333 0.017
0 0.08833333333333333 0.994625 0.009333333333333334 0.01025
0 0.0069166666666666664 0.947 0.010833333333333334 0.0115
0 0.16716666666666666 0.56725 0.009 0.015
0 0.17441666666666666 0.48675 0.0075 0.012
0 0.06966666666666667 0.5045 0.009333333333333334 0.013
0 0.07075 0.520875 0.010833333333333334 0.00725
0 0.16366666666666665 0.367625 0.006 0.01575
0 0.12408333333333334 0.3575 0.0065 0.013
0 0.26016666666666666 0.408375 0.009 0.00475
0 0.2524166666666667 0.403875 0.0075 0.01175
0 0.28475 0.38525 0.007833333333333333 0.007
0 0.32858333333333334 0.379875 0.008833333333333334 0.01275
0 0.08783333333333333 0.288375 0.013333333333333334 0.00975
0 0.036583333333333336 0.292875 0.0105 0.01325
0 0.025333333333333333 0.264375 0.012 0.01325
0 0.022583333333333334 0.196875 0.0095 0.01275
0 0.13991666666666666 0.109 0.006833333333333334 0.0145
0 0.13483333333333333 0.103375 0.005 0.00925
0 0.5009166666666667 0.0745 0.0095 0.0095
0 0.46941666666666665 0.081 0.0065 0.0115
0 0.382 0.10425 0.005666666666666667 0.019
0 0.37225 0.08575 0.006166666666666667 0.01
0 0.34983333333333333 0.202375 0.006333333333333333 0.01275
0 0.3545833333333333 0.22475 0.0055 0.0085
0 0.35258333333333336 0.270125 0.0031666666666666666 0.01225
0 0.3591666666666667 0.2935 0.007333333333333333 0.015
0 0.47583333333333333 0.297875 0.005333333333333333 0.01125
0 0.536 0.324125 0.009666666666666667 0.01075
0 0.5505833333333333 0.308625 0.007833333333333333 0.01825
0 0.7483333333333333 0.009625 0.008 0.00825
