1 0.53575 0.0765 0.012166666666666666 0.0215
1 0.5279166666666667 0.090125 0.0095 0.00775
1 0.5691666666666667 0.08525 0.007 0.0215
1 0.5305833333333333 0.15675 0.006166666666666667 0.0195
1 0.5468333333333333 0.189 0.015 0.009
1 0.53925 0.189125 0.0045 0.01075
1 0.5679166666666666 0.167875 0.0085 0.02075
1 0.5604166666666667 0.173 0.007833333333333333 0.006
1 0.5944166666666667 0.201375 0.016833333333333332 0.01125
1 0.9446666666666667 0.065625 0.011666666666666667 0.01375
1 0.9809166666666667 0.10225 0.0115 0.0165
1 0.9746666666666667 0.22725 0.016 0.015
1 0.8860833333333333 0.259375 0.014166666666666666 0.01475
1 0.9424166666666667 0.321 0.016833333333333332 0.009
1 0.83975 0.33 0.011166666666666667 0.014
1 0.8550833333333333 0.370125 0.016166666666666666 0.01375
1 0.79475 0.389875 0.007166666666666667 0.01775
1 0.8138333333333333 0.40125 0.016 0.019
1 0.7723333333333333 0.46725 0.009333333333333334 0.0275
1 0.8235 0.499625 0.013 0.01425
1 0.8608333333333333 0.483 0.014666666666666666 0.0115
