1 0.7535833333333334 0.51375 0.018833333333333334 0.0105
1 0.74 0.516375 0.011333333333333334 0.00625
1 0.7313333333333333 0.461125 0.016 0.01775
1 0.7270833333333333 0.47275 0.0135 0.0195
1 0.7185833333333334 0.478875 0.0135 0.02125
1 0.7098333333333333 0.48725 0.013666666666666667 0.016
1 0.7168333333333333 0.505 0.009666666666666667 0.0155
1 0.7009166666666666 0.501125 0.0165 0.01325
1 0.6906666666666667 0.507875 0.019666666666666666 0.01875
1 0.49775 0.198375 0.0085 0.02525
1 0.6126666666666667 0.0945 0.007666666666666666 0.0215
1 0.6045 0.106875 0.006333333333333333 0.01975
1 0.6648333333333334 0.05825 0.015 0.016
1 0.66475 0.0475 0.008833333333333334 0.023
1 0.6825833333333333 0.04175 0.009166666666666667 0.0225
1 0.7080833333333333 0.026375 0.007166666666666667 0.02725
1 0.27775 0.002875 0.008166666666666666 0.00575
1 0.28458333333333335 0.019875 0.010166666666666666 0.02675
1 0.292 0.03575 0.014 0.022
1 0.2951666666666667 0.046125 0.010666666666666666 0.02175
1 0.27975 0.05325 0.0125 0.022
1 0.27016666666666667 0.018375 0.016666666666666666 0.01225
1 0.22916666666666666 0.01425 0.018 0.017
1 0.2505833333333333 0.03 0.012833333333333334 0.016
1 0.25666666666666665 0.0375 0.014333333333333333 0.0215
1 0.2753333333333333 0.063625 0.008 0.02075
1 0.28658333333333336 0.068625 0.016166666666666666 0.01525
1 0.255 0.0575 0.012333333333333333 0.017
1 0.26 0.073125 0.011333333333333334 0.02225
1 0.28775 0.101625 0.0105 0.02275
1 0.08258333333333333 0.151 0.012166666666666666 0.0165
1 0.0835 0.162375 0.012 0.01475
1 0.08708333333333333 0.251375 0.0115 0.01675
1 0.09416666666666666 0.27 0.010666666666666666 0.0205
1 0.08533333333333333 0.268 0.008333333333333333 0.0205
1 0.07866666666666666 0.25825 0.009 0.0115
1 0.06883333333333333 0.256125 0.015666666666666666 0.01375
1 0.1245 0.31 0.009333333333333334 0.0135
1 0.11691666666666667 0.31875 0.011833333333333333 0.014
1 0.0905 0.330125 0.018666666666666668 0.01325
1 0.0845 0.34225 0.018 0.0155
1 0.26916666666666667 0.436125 0.009666666666666667 0.01975
1 0.26708333333333334 0.494125 0.005166666666666667 0.01425
1 0.26766666666666666 0.53675 0.006666666666666667 0.015
1 0.21641666666666667 0.514 0.008166666666666666 0.012
1 0.20841666666666667 0.52125 0.012833333333333334 0.02
1 0.14958333333333335 0.46425 0.0065 0.012
1 0.06241666666666667 0.46225 0.015833333333333335 0.0135
1 0.08308333333333333 0.471 0.0105 0.0185
1 0.09241666666666666 0.486 0.0075 0.0125
1 0.07991666666666666 0.48375 0.018166666666666668 0.0185
1 0.07675 0.4925 0.0095 0.0125
1 0.06366666666666666 0.48025 0.010666666666666666 0.021
1 0.06825 0.501 0.010166666666666666 0.02
1 0.09 0.524875 0.014666666666666666 0.02025
1 0.09925 0.522625 0.006166666666666667 0.01225
1 0.14266666666666666 0.517625 0.009 0.02225
1 0.12958333333333333 0.512625 0.014166666666666666 0.02475
1 0.12 0.52025 0.017666666666666667 0.0155
1 0.12858333333333333 0.535375 0.015166666666666667 0.01275
1 0.13966666666666666 0.5445 0.008333333333333333 0.024
1 0.11566666666666667 0.5375 0.013333333333333334 0.021
1 0.12433333333333334 0.551875 0.017666666666666667 0.02125
1 0.1325 0.562125 0.013333333333333334 0.01625
1 0.14583333333333334 0.565 0.009 0.017
1 0.15475 0.552 0.009833333333333333 0.02
1 0.16883333333333334 0.5425 0.01633333333333333 0.023
1 0.16058333333333333 0.541625 0.008166666666666666 0.01575
1 0.172 0.536125 0.006666666666666667 0.00775
1 0.18183333333333335 0.55675 0.012333333333333333 0.009
1 0.18125 0.5855 0.012833333333333334 0.0185
1 0.17608333333333334 0.5965 0.0105 0.024
1 0.17425 0.60975 0.0095 0.012
1 0.11283333333333333 0.585625 0.01 0.01525
1 0.10575 0.59475 0.0195 0.0155
1 0.10458333333333333 0.606125 0.016166666666666666 0.01325
1 0.10191666666666667 0.615375 0.012166666666666666 0.00625
1 0.10616666666666667 0.622625 0.016 0.01425
1 0.12666666666666668 0.623625 0.018 0.01425
1 0.11875 0.630625 0.007166666666666667 0.01775
1 0.1285 0.638375 0.01633333333333333 0.02075
1 0.11625 0.648375 0.011166666666666667 0.01275
1 0.105 0.65775 0.014666666666666666 0.012
1 0.13983333333333334 0.645375 0.012333333333333333 0.02075
1 0.14566666666666667 0.651625 0.010666666666666666 0.01525
1 0.15758333333333333 0.66525 0.0175 0.022
1 0.14608333333333334 0.6655 0.010166666666666666 0.0215
1 0.14158333333333334 0.671 0.015166666666666667 0.016
1 0.18141666666666667 0.66625 0.008166666666666666 0.019
1 0.13766666666666666 0.688375 0.016666666666666666 0.02225
1 0.03208333333333333 0.625375 0.018166666666666668 0.02075
1 0.03625 0.6655 0.0125 0.0195
1 0.010916666666666667 0.59325 0.014166666666666666 0.026
1 0.005833333333333334 0.61275 0.010666666666666666 0.0175
1 0.003916666666666666 0.62075 0.007833333333333333 0.016
1 0.14891666666666667 0.775 0.0175 0.0205
1 0.16175 0.797375 0.0145 0.02125
1 0.14091666666666666 0.786375 0.017166666666666667 0.01625
1 0.14641666666666667 0.7975 0.011833333333333333 0.0145
1 0.13458333333333333 0.79475 0.017833333333333333 0.0185
1 0.15383333333333332 0.811375 0.018666666666666668 0.01825
1 0.16291666666666665 0.826 0.0125 0.022
1 0.1505 0.8235 0.015 0.0215
1 0.14525 0.82375 0.0115 0.021
1 0.1305 0.8175 0.012 0.0255
1 0.12116666666666667 0.820875 0.007666666666666666 0.02225
1 0.13566666666666666 0.8335 0.008333333333333333 0.0245
1 0.1465 0.844875 0.013666666666666667 0.02375
1 0.20566666666666666 0.81675 0.008666666666666666 0.021
1 0.3938333333333333 0.881 0.014 0.015
1 0.11091666666666666 0.882 0.019166666666666665 0.0145
1 0.11516666666666667 0.89875 0.01633333333333333 0.0205
1 0.096 0.897375 0.022 0.01575
1 0.09933333333333333 0.910125 0.019666666666666666 0.01175
1 0.1025 0.924 0.02033333333333333 0.0185
1 0.11525 0.939 0.0115 0.024
1 0.10625 0.943125 0.0145 0.02625
1 0.0545 0.911 0.011333333333333334 0.021
