0 0.97225 0.78725 0.011833333333333333 0.0175
0 0.9675833333333334 0.798375 0.0115 0.01025
0 0.9329166666666666 0.864 0.012166666666666666 0.0185
0 0.9105 0.852 0.009333333333333334 0.0175
0 0.8695833333333334 0.75025 0.013166666666666667 0.01
0 0.9095 0.613375 0.011333333333333334 0.01725
0 0.7728333333333334 0.54925 0.011333333333333334 0.0145
0 0.775 0.554 0.007 0.006
0 0.99125 0.3395 0.004833333333333334 0.013
0 0.6886666666666666 0.399 0.007 0.007
0 0.6809166666666666 0.39975 0.009166666666666667 0.0135
0 0.8398333333333333 0.237 0.006666666666666667 0.008
0 0.9280833333333334 0.1645 0.009833333333333333 0.008
0 0.9178333333333333 0.16 0.009666666666666667 0.0195
0 0.9255 0.005 0.006 0.009
0 0.6619166666666667 0.108375 0.007166666666666667 0.00975
0 0.6365 0.08425 0.015 0.013
0 0.5699166666666666 0.06075 0.006833333333333334 0.0075
0 0.5595833333333333 0.041625 0.011166666666666667 0.01275
0 0.46391666666666664 0.295375 0.0095 0.01475
0 0.5911666666666666 0.6085 0.010666666666666666 0.0105
0 0.468 0.5865 0.010333333333333333 0.0145
0 0.6320833333333333 0.898375 0.008833333333333334 0.01275
0 0.5639166666666666 0.886125 0.008833333333333334 0.01125
0 0.56275 0.94175 0.011833333333333333 0.0125
0 0.4885833333333333 0.88125 0.0085 0.0235
0 0.40025 0.203125 0.0105 0.01675
0 0.37516666666666665 0.136875 0.008666666666666666 0.00975
0 0.3985 0.0685 0.005333333333333333 0.0125
0 0.378 0.0705 0.011666666666666667 0.0125
0 0.3665 0.071125 0.01 0.01625
0 0.362 0.070875 0.006666666666666667 0.01325
0 0.32625 0.08225 0.008833333333333334 0.0185
0 0.26266666666666666 0.036375 0.008 0.01325
0 0.24991666666666668 0.07425 0.014833333333333334 0.0105
0 0.24883333333333332 0.086125 0.009666666666666667 0.00925
0 0.16416666666666666 0.016375 0.009333333333333334 0.01225
0 0.11933333333333333 0.00825 0.010333333333333333 0.0105
0 0.17583333333333334 0.131125 0.015666666666666666 0.01375
0 0.1405 0.097375 0.012333333333333333 0.01425
0 0.13716666666666666 0.091625 0.009333333333333334 0.00925
0 0.05991666666666667 0.069125 0.014166666666666666 0.01475
0 0.0675 0.102 0.009666666666666667 0.008
0 0.07441666666666667 0.1235 0.0095 0.0125
0 0.07633333333333334 0.13375 0.015 0.009
0 0.08008333333333334 0.147 0.0125 0.0145
0 0.2540833333333333 0.224125 0.008833333333333334 0.01775
0 0.15308333333333332 0.21675 0.0105 0.0195
0 0.11925 0.315875 0.0165 0.00925
0 0.2255 0.388875 0.009666666666666667 0.01025
0 0.23125 0.4325 0.008166666666666666 0.01
0 0.32475 0.367 0.011166666666666667 0.0155
0 0.22875 0.53125 0.006166666666666667 0.0085
0 0.025333333333333333 0.286625 0.013333333333333334 0.01325
0 0.21508333333333332 0.663375 0.010833333333333334 0.00975
0 0.22208333333333333 0.748625 0.0085 0.01525
0 0.17516666666666666 0.721125 0.008333333333333333 0.00875
