0 0.2965 0.773 0.008333333333333333 0.012
0 0.28641666666666665 0.783875 0.006166666666666667 0.00625
0 0.23966666666666667 0.72675 0.007333333333333333 0.0065
0 0.2075 0.752 0.006 0.0135
0 0.1275 0.713625 0.011 0.00525
0 0.20058333333333334 0.6645 0.011166666666666667 0.006
0 0.22016666666666668 0.648375 0.004666666666666667 0.01025
0 0.20841666666666667 0.575625 0.004833333333333334 0.00925
0 0.18183333333333335 0.502375 0.007 0.00725
0 0.15216666666666667 0.51875 0.006666666666666667 0.0075
0 0.18658333333333332 0.433125 0.0055 0.00775
0 0.12441666666666666 0.32525 0.0045 0.013
