2 0.5710833333333334 0.2425 0.0065 0.0125
2 0.4995 0.17875 0.006333333333333333 0.006
2 0.48933333333333334 0.146875 0.007 0.00775
2 0.4325833333333333 0.0705 0.006833333333333334 0.01
2 0.3536666666666667 0.099625 0.008333333333333333 0.00825
0 0.5289166666666667 0.02875 0.0065 0.0105
0 0.592 0.025625 0.010666666666666666 0.02125
0 0.3893333333333333 0.22425 0.005 0.0115
0 0.3859166666666667 0.20975 0.006833333333333334 0.0165
0 0.2555 0.465375 0.006333333333333333 0.00825
0 0.2525833333333333 0.470625 0.010833333333333334 0.01025
0 0.019916666666666666 0.109125 0.010833333333333334 0.00925
0 0.010083333333333333 0.124875 0.016833333333333332 0.01275
0 0.24558333333333332 0.540625 0.0075 0.00725
0 0.27016666666666667 0.556 0.005 0.008
0 0.2875 0.592875 0.01 0.01225
0 0.29091666666666666 0.61975 0.013166666666666667 0.0085
0 0.04808333333333333 0.667375 0.0115 0.00775
0 0.07075 0.785375 0.0095 0.01325
0 0.06408333333333334 0.861375 0.0095 0.01425
0 0.4250833333333333 0.89675 0.009166666666666667 0.015
0 0.513 0.8975 0.006 0.0135
0 0.5675 0.99375 0.005666666666666667 0.011
0 0.6140833333333333 0.881875 0.011166666666666667 0.01025
0 0.66325 0.8135 0.0105 0.012
0 0.6635 0.845875 0.010333333333333333 0.01175
0 0.494 0.48525 0.004666666666666667 0.019
0 0.5116666666666667 0.437875 0.009 0.01225
0 0.5215833333333333 0.394375 0.004833333333333334 0.01175
