0 0.189 0.02625 0.008 0.0105
0 0.16275 0.045625 0.008833333333333334 0.01125
0 0.21841666666666668 0.099875 0.0065 0.01175
0 0.22941666666666666 0.171 0.004833333333333334 0.008
0 0.20833333333333334 0.186875 0.011 0.00875
0 0.24783333333333332 0.247875 0.006666666666666667 0.00525
0 0.21741666666666667 0.2735 0.006166666666666667 0.0135
0 0.13833333333333334 0.235625 0.012 0.00575
0 0.30466666666666664 0.293375 0.010666666666666666 0.00875
0 0.29583333333333334 0.3025 0.006 0.006
0 0.10941666666666666 0.52175 0.0045 0.0105
0 0.09683333333333333 0.507125 0.007666666666666666 0.01275
0 0.10441666666666667 0.526 0.007166666666666667 0.0145
0 0.2853333333333333 0.608875 0.0036666666666666666 0.01225
0 0.2976666666666667 0.61925 0.006666666666666667 0.012
0 0.26108333333333333 0.733875 0.007166666666666667 0.01225
0 0.25866666666666666 0.74925 0.008 0.0085
0 0.17625 0.789 0.004833333333333334 0.007
