0 0.5900833333333333 0.99225 0.004833333333333334 0.0145
2 0.6424166666666666 0.851375 0.0045 0.01225
2 0.5686666666666667 0.778875 0.006333333333333333 0.00625
2 0.5575833333333333 0.7485 0.005833333333333334 0.0085
2 0.49933333333333335 0.668125 0.004666666666666667 0.00775
2 0.4235833333333333 0.701625 0.008833333333333334 0.00925
0 0.5850833333333333 0.647 0.0031666666666666666 0.011
0 0.6160833333333333 0.57 0.011833333333333333 0.0085
0 0.45525 0.809125 0.007166666666666667 0.01575
0 0.45875 0.8235 0.004833333333333334 0.011
0 0.5245 0.449125 0.008 0.00575
0 0.44458333333333333 0.422375 0.013166666666666667 0.00625
0 0.36933333333333335 0.527625 0.014333333333333333 0.00625
0 0.24591666666666667 0.503375 0.013166666666666667 0.00675
0 0.15941666666666668 0.539125 0.011166666666666667 0.01325
0 0.0505 0.599375 0.011333333333333334 0.00975
0 0.10116666666666667 0.706875 0.008 0.00575
0 0.09275 0.720375 0.0135 0.00775
0 0.21825 0.285875 0.0125 0.00625
2 0.16291666666666665 0.200625 0.007833333333333333 0.00675
2 0.20275 0.090125 0.007166666666666667 0.00775
2 0.19858333333333333 0.085125 0.0031666666666666666 0.00825
2 0.187 0.0815 0.007 0.0115
2 0.19233333333333333 0.0685 0.0036666666666666666 0.01
0 0.18533333333333332 0.060625 0.006666666666666667 0.01725
0 0.060583333333333336 0.071375 0.0115 0.00825
