3 0.30816666666666664 0.919125 0.007333333333333333 0.00575
4 0.32 0.979125 0.011 0.01375
4 0.28741666666666665 0.947125 0.0095 0.01075
4 0.3105833333333333 0.884125 0.007166666666666667 0.01375
4 0.28841666666666665 0.874375 0.011166666666666667 0.01175
4 0.2235 0.82025 0.008 0.013
4 0.15416666666666667 0.9255 0.01 0.0095
4 0.04441666666666667 0.802 0.011833333333333333 0.011
4 0.09625 0.680625 0.010833333333333334 0.01425
4 0.18983333333333333 0.400375 0.009 0.01225
4 0.17108333333333334 0.351125 0.0085 0.01425
4 0.1365 0.279125 0.008 0.01375
4 0.08475 0.283625 0.006833333333333334 0.01675
4 0.16941666666666666 0.095875 0.0075 0.01525
4 0.15425 0.05925 0.008833333333333334 0.011
4 0.16358333333333333 0.011375 0.0105 0.01125
4 0.0815 0.005625 0.009333333333333334 0.01125
