0 0.86975 0.91425 0.010833333333333334 0.0195
0 0.85025 0.94975 0.0065 0.018
0 0.82125 0.739 0.010166666666666666 0.015
0 0.23558333333333334 0.90475 0.012166666666666666 0.0115
0 0.134 0.930875 0.009333333333333334 0.01075
0 0.084 0.63125 0.011333333333333334 0.015
0 0.022 0.515625 0.014666666666666666 0.00775
0 0.023833333333333335 0.532875 0.01 0.00675
0 0.362 0.378375 0.009666666666666667 0.00875
0 0.4513333333333333 0.37225 0.007333333333333333 0.014
2 0.43583333333333335 0.47525 0.005 0.0105
2 0.5074166666666666 0.47225 0.0055 0.012
0 0.5535833333333333 0.354 0.010166666666666666 0.0075
0 0.6034166666666667 0.312875 0.0115 0.01225
0 0.59525 0.273125 0.0105 0.01125
0 0.9415 0.378375 0.013666666666666667 0.01175
0 0.9255 0.374 0.009 0.0065
2 0.6019166666666667 0.13725 0.004833333333333334 0.0105
0 0.21858333333333332 0.067125 0.0125 0.01275
0 0.22075 0.096 0.012166666666666666 0.013
0 0.19983333333333334 0.03275 0.007666666666666666 0.012
0 0.156 0.01025 0.009 0.0075
