0 0.45108333333333334 0.9445 0.0095 0.0055
0 0.42225 0.955875 0.015833333333333335 0.00675
0 0.23733333333333334 0.808375 0.014666666666666666 0.00625
2 0.035166666666666666 0.938875 0.005333333333333333 0.00825
2 0.18025 0.720875 0.006833333333333334 0.00675
2 0.21808333333333332 0.6125 0.006833333333333334 0.01
2 0.21708333333333332 0.600125 0.005166666666666667 0.00775
2 0.21183333333333335 0.60675 0.004333333333333333 0.008
2 0.20433333333333334 0.608125 0.008333333333333333 0.01125
0 0.20633333333333334 0.59425 0.005666666666666667 0.018
0 0.0765 0.58575 0.014 0.007
0 0.24758333333333332 0.4385 0.013166666666666667 0.008
