4 0.26866666666666666 0.486 0.008333333333333333 0.016
4 0.20866666666666667 0.562625 0.010333333333333333 0.01125
4 0.13266666666666665 0.56475 0.010333333333333333 0.0155
4 0.19866666666666666 0.608625 0.008 0.01175
4 0.21375 0.64775 0.0085 0.0205
4 0.17991666666666667 0.828375 0.008833333333333334 0.01675
4 0.12908333333333333 0.831125 0.005833333333333334 0.01425
4 0.21408333333333332 0.90225 0.008833333333333334 0.017
4 0.23233333333333334 0.949125 0.008666666666666666 0.01075
4 0.020666666666666667 0.659 0.013666666666666667 0.0125
