4 0.3640833333333333 0.883875 0.009166666666666667 0.01675
4 0.3325 0.705875 0.007333333333333333 0.02075
4 0.2853333333333333 0.62175 0.006333333333333333 0.0195
4 0.35041666666666665 0.533 0.0105 0.0125
3 0.277 0.473375 0.0036666666666666666 0.01025
4 0.27425 0.41925 0.010833333333333334 0.0155
4 0.24225 0.3915 0.009833333333333333 0.01
3 0.26175 0.3625 0.007166666666666667 0.007
4 0.2654166666666667 0.32525 0.007166666666666667 0.0155
4 0.24375 0.317875 0.0105 0.00975
4 0.11066666666666666 0.3745 0.009666666666666667 0.012
4 0.179 0.266 0.008 0.0155
4 0.04816666666666667 0.1255 0.011333333333333334 0.016
