3 0.5265833333333333 0.607125 0.004166666666666667 0.01275
0 0.6733333333333333 0.574 0.005666666666666667 0.0165
0 0.647 0.625875 0.010666666666666666 0.00975
0 0.6290833333333333 0.663 0.007166666666666667 0.01
2 0.6336666666666667 0.67925 0.008333333333333333 0.0065
3 0.695 0.78075 0.008666666666666666 0.0055
0 0.5885 0.82175 0.008666666666666666 0.013
0 0.5640833333333334 0.861375 0.008833333333333334 0.00725
0 0.639 0.889375 0.007 0.01425
2 0.5106666666666667 0.840625 0.007333333333333333 0.00725
2 0.50225 0.857875 0.0028333333333333335 0.01225
0 0.43041666666666667 0.707125 0.010166666666666666 0.00575
0 0.40691666666666665 0.696625 0.009833333333333333 0.01025
0 0.244 0.8215 0.008333333333333333 0.008
0 0.2085 0.7885 0.011333333333333334 0.0085
0 0.18725 0.803625 0.013166666666666667 0.01025
0 0.15658333333333332 0.8775 0.007833333333333333 0.013
0 0.23975 0.60075 0.008166666666666666 0.006
0 0.23041666666666666 0.565 0.012166666666666666 0.0095
0 0.27441666666666664 0.53125 0.011166666666666667 0.006
0 0.21158333333333335 0.5285 0.008166666666666666 0.005
0 0.14033333333333334 0.534 0.008666666666666666 0.008
0 0.1345 0.4765 0.006666666666666667 0.007
0 0.11375 0.48 0.0095 0.008
0 0.26058333333333333 0.41075 0.007166666666666667 0.0045
0 0.26108333333333333 0.420375 0.0105 0.00975
2 0.308 0.35725 0.009 0.0115
0 0.382 0.367125 0.010666666666666666 0.00475
2 0.366 0.507375 0.009666666666666667 0.01025
0 0.47575 0.40475 0.006166666666666667 0.014
0 0.5605 0.411625 0.009666666666666667 0.00775
0 0.596 0.375 0.009666666666666667 0.006
0 0.8348333333333333 0.19375 0.009 0.0135
0 0.9865833333333334 0.124375 0.0105 0.01025
0 0.44733333333333336 0.265625 0.008 0.00725
0 0.36091666666666666 0.300375 0.011166666666666667 0.00975
0 0.31566666666666665 0.238125 0.011 0.00875
0 0.3436666666666667 0.181875 0.009333333333333334 0.01225
0 0.32775 0.1635 0.010833333333333334 0.0105
0 0.33366666666666667 0.128125 0.007333333333333333 0.01625
0 0.21933333333333332 0.071625 0.011666666666666667 0.01325
0 0.20041666666666666 0.005375 0.011833333333333333 0.00875
0 0.17416666666666666 0.229875 0.005 0.00925
0 0.15933333333333333 0.223625 0.009666666666666667 0.00875
