0 0.3760833333333333 0.70975 0.005166666666666667 0.018
0 0.38875 0.702125 0.004166666666666667 0.01225
0 0.41041666666666665 0.666125 0.008833333333333334 0.01175
0 0.46908333333333335 0.6095 0.008166666666666666 0.0125
0 0.47441666666666665 0.580625 0.008166666666666666 0.00975
0 0.47358333333333336 0.567 0.0095 0.004
0 0.5258333333333334 0.530125 0.008333333333333333 0.00825
0 0.4240833333333333 0.487125 0.005833333333333334 0.01525
0 0.4141666666666667 0.532375 0.009333333333333334 0.01425
0 0.39175 0.443125 0.005833333333333334 0.00975
0 0.5006666666666667 0.293875 0.008333333333333333 0.00625
0 0.5258333333333334 0.254625 0.008666666666666666 0.01275
0 0.5545 0.31625 0.010333333333333333 0.0065
2 0.44708333333333333 0.274375 0.007166666666666667 0.00625
2 0.43833333333333335 0.291125 0.004 0.01375
3 0.6275833333333334 0.221625 0.0085 0.00575
2 0.5723333333333334 0.11675 0.008333333333333333 0.01
0 0.5674166666666667 0.099375 0.006833333333333334 0.01025
0 0.5859166666666666 0.061375 0.010833333333333334 0.00925
0 0.6130833333333333 0.014125 0.0085 0.01325
3 0.4675 0.043625 0.0036666666666666666 0.01525
0 0.3451666666666667 0.129375 0.010666666666666666 0.00975
0 0.3264166666666667 0.10625 0.0075 0.0105
0 0.17741666666666667 0.026625 0.006833333333333334 0.00775
0 0.14025 0.21625 0.011166666666666667 0.014
0 0.17841666666666667 0.249375 0.009166666666666667 0.00975
0 0.12033333333333333 0.23175 0.013666666666666667 0.0075
0 0.0875 0.303125 0.010333333333333333 0.01225
