2 0.3775 0.93275 0.007666666666666666 0.017
0 0.30975 0.957875 0.008833333333333334 0.00675
0 0.31116666666666665 0.969 0.012 0.0085
0 0.45766666666666667 0.929875 0.011 0.00825
0 0.5249166666666667 0.961 0.0085 0.0145
0 0.6080833333333333 0.972625 0.010166666666666666 0.01025
0 0.6444166666666666 0.93875 0.010166666666666666 0.0095
0 0.49683333333333335 0.8225 0.006333333333333333 0.0065
0 0.411 0.855 0.009333333333333334 0.0115
0 0.3898333333333333 0.80025 0.009666666666666667 0.0115
0 0.39275 0.735375 0.006833333333333334 0.01725
0 0.37733333333333335 0.720375 0.008333333333333333 0.01125
0 0.38508333333333333 0.68375 0.004833333333333334 0.019
0 0.22383333333333333 0.77475 0.004666666666666667 0.0095
0 0.20933333333333334 0.770375 0.006 0.00925
0 0.27075 0.62175 0.0085 0.012
0 0.27566666666666667 0.549625 0.013 0.00575
0 0.25775 0.542 0.006833333333333334 0.0075
0 0.1245 0.503875 0.011 0.00575
0 0.09466666666666666 0.34425 0.010333333333333333 0.0055
0 0.19416666666666665 0.3215 0.012 0.012
0 0.046 0.044375 0.009666666666666667 0.01675
0 0.7723333333333333 0.148625 0.007333333333333333 0.01475
0 0.82125 0.3185 0.009166666666666667 0.0185
0 0.80525 0.41575 0.006833333333333334 0.011
0 0.8918333333333334 0.45975 0.013333333333333334 0.0075
0 0.889 0.469625 0.006333333333333333 0.01425
0 0.96075 0.498 0.006833333333333334 0.011
0 0.9765833333333334 0.349 0.0135 0.008
0 0.8849166666666667 0.767125 0.0125 0.01125
