2 0.6884166666666667 0.54975 0.010833333333333334 0.0075
2 0.7275 0.55525 0.011 0.008
2 0.78475 0.50525 0.0075 0.0035
2 0.81 0.50775 0.012 0.0095
2 0.9314166666666667 0.726625 0.007833333333333333 0.01025
2 0.984 0.96 0.009666666666666667 0.011
2 0.4995 0.951 0.009333333333333334 0.0075
2 0.4985833333333333 0.959375 0.0055 0.00825
2 0.45266666666666666 0.94725 0.01 0.006
2 0.4564166666666667 0.984875 0.004166666666666667 0.01175
2 0.4185833333333333 0.975875 0.0075 0.01075
2 0.40375 0.985625 0.004833333333333334 0.01125
2 0.39175 0.959125 0.005166666666666667 0.01025
2 0.3473333333333333 0.867875 0.005333333333333333 0.01075
2 0.26908333333333334 0.911875 0.008833333333333334 0.01025
2 0.24408333333333335 0.92275 0.005166666666666667 0.009
2 0.22833333333333333 0.9735 0.004666666666666667 0.012
2 0.17341666666666666 0.963625 0.0065 0.00825
2 0.30433333333333334 0.785875 0.006666666666666667 0.00975
2 0.24733333333333332 0.77625 0.005333333333333333 0.0115
2 0.2325 0.703625 0.005666666666666667 0.01075
2 0.17508333333333334 0.69675 0.0045 0.0135
2 0.13433333333333333 0.8395 0.005333333333333333 0.0045
2 0.998 0.5455 0.004 0.007
0 0.9686666666666667 0.079 0.013666666666666667 0.0105
2 0.5070833333333333 0.838125 0.005166666666666667 0.01275
