4 0.69425 0.334375 0.013833333333333333 0.00475
4 0.6419166666666667 0.323875 0.008166666666666666 0.01625
4 0.664 0.207625 0.007 0.01175
4 0.641 0.187875 0.008333333333333333 0.00875
4 0.70175 0.15075 0.0085 0.008
4 0.7099166666666666 0.124625 0.005833333333333334 0.01525
4 0.637 0.119375 0.011 0.01025
4 0.6079166666666667 0.201125 0.007166666666666667 0.01775
4 0.176 0.403625 0.016 0.01175
4 0.15883333333333333 0.413 0.008 0.008
4 0.049416666666666664 0.481125 0.009166666666666667 0.01375
4 0.07508333333333334 0.1215 0.0145 0.014
4 0.8416666666666667 0.004 0.007333333333333333 0.008
