2 0.7489166666666667 0.212125 0.006166666666666667 0.01375
2 0.7850833333333334 0.21475 0.0065 0.0095
2 0.7925 0.15475 0.009666666666666667 0.0065
2 0.7319166666666667 0.15575 0.0095 0.0075
2 0.8109166666666666 0.248875 0.0075 0.00975
2 0.8829166666666667 0.19925 0.0055 0.0135
2 0.8881666666666667 0.081625 0.007 0.00975
2 0.3869166666666667 0.347 0.0055 0.015
2 0.3615 0.209625 0.009 0.00675
2 0.33516666666666667 0.213375 0.007333333333333333 0.01175
2 0.36833333333333335 0.175625 0.004666666666666667 0.00875
2 0.23116666666666666 0.06175 0.008333333333333333 0.0065
2 0.22933333333333333 0.087625 0.005666666666666667 0.01625
2 0.20725 0.05175 0.0045 0.012
2 0.18658333333333332 0.054 0.008166666666666666 0.012
2 0.11266666666666666 0.1625 0.009333333333333334 0.015
2 0.09558333333333334 0.38925 0.004166666666666667 0.0055
2 0.08933333333333333 0.41025 0.006333333333333333 0.0065
2 0.101 0.4565 0.008666666666666666 0.0045
2 0.004 0.73 0.005 0.006
2 0.019333333333333334 0.841375 0.007666666666666666 0.00825
2 0.6688333333333333 0.826125 0.004666666666666667 0.01225
2 0.6704166666666667 0.93275 0.0035 0.01
2 0.67525 0.96975 0.009833333333333333 0.008
2 0.7195 0.969125 0.006333333333333333 0.00875
