2 0.4295 0.432 0.004333333333333333 0.0145
2 0.4990833333333333 0.336625 0.0095 0.00675
2 0.51175 0.3115 0.0085 0.0075
2 0.5848333333333333 0.328625 0.006666666666666667 0.00975
2 0.5845833333333333 0.2685 0.0075 0.009
2 0.5773333333333334 0.24375 0.006333333333333333 0.006
2 0.6138333333333333 0.30575 0.006333333333333333 0.0135
2 0.266 0.11625 0.006666666666666667 0.01
2 0.13175 0.16025 0.0055 0.01
2 0.13808333333333334 0.17175 0.008833333333333334 0.009
2 0.14766666666666667 0.203125 0.011333333333333334 0.00675
2 0.09666666666666666 0.25575 0.006 0.014
2 0.089 0.183 0.009333333333333334 0.0085
2 0.08866666666666667 0.16325 0.012666666666666666 0.007
2 0.05775 0.138625 0.0085 0.00625
