3 0.5544166666666667 0.4735 0.008166666666666666 0.0085
3 0.5959166666666667 0.5075 0.004833333333333334 0.0055
3 0.51775 0.47175 0.0035 0.011
2 0.43466666666666665 0.358375 0.004666666666666667 0.00925
2 0.429 0.348625 0.008666666666666666 0.00475
2 0.3894166666666667 0.354375 0.0075 0.00725
2 0.395 0.387875 0.004 0.01425
2 0.3585 0.39 0.007666666666666666 0.008
2 0.33125 0.375625 0.007166666666666667 0.01175
2 0.34475 0.40025 0.004166666666666667 0.0105
2 0.43833333333333335 0.240875 0.004333333333333333 0.01325
2 0.2843333333333333 0.296 0.006333333333333333 0.0105
2 0.23966666666666667 0.21875 0.007333333333333333 0.0125
2 0.18408333333333332 0.219 0.005166666666666667 0.012
2 0.21158333333333335 0.3445 0.010833333333333334 0.009
2 0.18883333333333333 0.35825 0.006333333333333333 0.01
2 0.07741666666666666 0.2925 0.0075 0.005
2 0.12325 0.406625 0.006166666666666667 0.01075
2 0.1755 0.40825 0.008 0.0115
2 0.12275 0.536 0.007833333333333333 0.0055
2 0.27241666666666664 0.661375 0.0085 0.00775
2 0.081 0.809375 0.005 0.01025
2 0.07941666666666666 0.83475 0.0075 0.0145
2 0.07375 0.855 0.007166666666666667 0.008
2 0.04175 0.843875 0.006166666666666667 0.00725
2 0.12433333333333334 0.885125 0.009333333333333334 0.00725
2 0.242 0.942875 0.007333333333333333 0.00475
2 0.235 0.893125 0.005333333333333333 0.00575
2 0.24108333333333334 0.873125 0.0045 0.00525
2 0.3889166666666667 0.604375 0.004833333333333334 0.01125
2 0.392 0.5765 0.006333333333333333 0.0065
2 0.36941666666666667 0.565875 0.004166666666666667 0.00775
2 0.34958333333333336 0.56675 0.008166666666666666 0.0065
2 0.52 0.711375 0.005 0.00575
2 0.511 0.745125 0.009666666666666667 0.00625
2 0.4845 0.744 0.008666666666666666 0.0075
2 0.528 0.884125 0.005333333333333333 0.01775
2 0.9816666666666667 0.857 0.011666666666666667 0.011
2 0.9504166666666667 0.81325 0.007166666666666667 0.012
2 0.9106666666666666 0.805375 0.008666666666666666 0.01075
2 0.9625 0.75475 0.013 0.011
2 0.895 0.7445 0.013666666666666667 0.0055
2 0.8434166666666667 0.534625 0.0105 0.01275
2 0.8968333333333334 0.296125 0.008333333333333333 0.01125
2 0.8471666666666666 0.08525 0.006666666666666667 0.0115
2 0.91175 0.008875 0.0085 0.01525
2 0.16625 0.149625 0.008166666666666666 0.01575
2 0.10875 0.150375 0.006833333333333334 0.01775
