2 0.17683333333333334 0.6205 0.008333333333333333 0.007
2 0.08275 0.699 0.0085 0.0075
2 0.12183333333333334 0.752 0.011 0.009
2 0.15866666666666668 0.72925 0.012333333333333333 0.008
2 0.151 0.799875 0.012666666666666666 0.01075
2 0.16716666666666666 0.8735 0.012 0.009
2 0.042 0.906375 0.012666666666666666 0.00625
2 0.1625 0.2225 0.008333333333333333 0.01
0 0.33158333333333334 0.67775 0.0085 0.009
0 0.3239166666666667 0.69525 0.005166666666666667 0.008
0 0.846 0.457 0.010333333333333333 0.006
0 0.84025 0.45375 0.0055 0.004
0 0.98375 0.13625 0.008166666666666666 0.01
0 0.8561666666666666 0.028375 0.008666666666666666 0.00975
