0 0.35525 0.98475 0.010833333333333334 0.017
0 0.32675 0.96025 0.006833333333333334 0.0105
0 0.29591666666666666 0.9965 0.007166666666666667 0.0055
0 0.23358333333333334 0.8975 0.0075 0.0105
0 0.092 0.849 0.010666666666666666 0.01
0 0.03958333333333333 0.792875 0.005833333333333334 0.00825
0 0.049 0.686125 0.008333333333333333 0.01175
0 0.012083333333333333 0.678875 0.007166666666666667 0.01575
0 0.03766666666666667 0.664 0.006666666666666667 0.007
0 0.038 0.671625 0.009333333333333334 0.01025
2 0.1845 0.162625 0.006333333333333333 0.01225
