1 0.5845 0.436125 0.012 0.02125
1 0.6064166666666667 0.502125 0.0155 0.00825
1 0.6563333333333333 0.554 0.007 0.014
1 0.7059166666666666 0.562875 0.009833333333333333 0.01975
1 0.715 0.558625 0.006666666666666667 0.01575
1 0.7345 0.536375 0.011 0.01525
1 0.7591666666666667 0.55725 0.004 0.014
1 0.7745833333333333 0.533 0.0065 0.022
1 0.78475 0.519 0.0075 0.018
1 0.8131666666666667 0.532375 0.006666666666666667 0.01225
1 0.7990833333333334 0.556875 0.012833333333333334 0.01175
1 0.7716666666666666 0.596125 0.012666666666666666 0.00975
1 0.799 0.609375 0.01633333333333333 0.01875
1 0.8094166666666667 0.64175 0.006833333333333334 0.018
1 0.7769166666666667 0.628125 0.0165 0.01025
1 0.7659166666666667 0.63375 0.006166666666666667 0.014
1 0.7116666666666667 0.676375 0.013666666666666667 0.01675
1 0.7086666666666667 0.706875 0.006333333333333333 0.02375
1 0.71925 0.75175 0.0105 0.023
1 0.7053333333333334 0.749125 0.013333333333333334 0.01075
1 0.62625 0.7675 0.007833333333333333 0.023
1 0.59025 0.836125 0.005833333333333334 0.02375
1 0.5841666666666666 0.807625 0.007333333333333333 0.01275
1 0.5681666666666667 0.814625 0.01 0.01925
1 0.5635833333333333 0.757875 0.0045 0.02125
1 0.55025 0.76875 0.005833333333333334 0.0165
1 0.52625 0.775625 0.005833333333333334 0.01275
1 0.52075 0.79375 0.009833333333333333 0.022
1 0.47975 0.827125 0.0095 0.02175
1 0.59525 0.712 0.006833333333333334 0.0215
1 0.5938333333333333 0.694625 0.008333333333333333 0.02425
1 0.562 0.669875 0.007333333333333333 0.01975
1 0.6540833333333333 0.628375 0.006833333333333334 0.02325
1 0.5951666666666666 0.61475 0.006 0.0135
1 0.5863333333333334 0.617625 0.007333333333333333 0.02675
1 0.57675 0.62875 0.0095 0.0095
1 0.5715833333333333 0.560875 0.016166666666666666 0.01025
1 0.9039166666666667 0.482125 0.011166666666666667 0.02425
1 0.91425 0.532 0.015166666666666667 0.0235
1 0.86575 0.486875 0.0095 0.01775
1 0.8693333333333333 0.495625 0.006666666666666667 0.01025
