1 0.028166666666666666 0.234 0.008666666666666666 0.0215
1 0.0345 0.24525 0.009666666666666667 0.014
1 0.030583333333333334 0.252875 0.012833333333333334 0.00925
1 0.037083333333333336 0.267125 0.010166666666666666 0.01925
1 0.03216666666666667 0.283375 0.010333333333333333 0.00675
1 0.04083333333333333 0.284625 0.007666666666666666 0.01675
1 0.037083333333333336 0.3055 0.009833333333333333 0.021
1 0.029 0.35 0.01 0.0185
1 0.02775 0.368125 0.006166666666666667 0.00975
1 0.016583333333333332 0.37575 0.009166666666666667 0.0245
1 0.011583333333333333 0.37625 0.006166666666666667 0.016
1 0.0033333333333333335 0.414125 0.006666666666666667 0.01675
