0 0.7533333333333333 0.523125 0.009333333333333334 0.00825
0 0.8645833333333334 0.652125 0.0085 0.00525
0 0.7218333333333333 0.95875 0.01 0.01
0 0.7153333333333334 0.953125 0.009666666666666667 0.00525
2 0.05316666666666667 0.63975 0.011333333333333334 0.011
3 0.8679166666666667 0.264125 0.0095 0.00425
3 0.8775833333333334 0.25075 0.006166666666666667 0.01
3 0.8554166666666667 0.231125 0.010166666666666666 0.00525
3 0.8845833333333334 0.161125 0.0045 0.01325
3 0.898 0.09475 0.005666666666666667 0.009
3 0.8653333333333333 0.09475 0.005666666666666667 0.0095
