2 0.5258333333333334 0.225875 0.0036666666666666666 0.01325
2 0.49983333333333335 0.559875 0.006 0.00975
2 0.54475 0.837625 0.005833333333333334 0.01475
2 0.5910833333333333 0.835375 0.0045 0.01825
2 0.44133333333333336 0.84875 0.009666666666666667 0.0105
2 0.3995 0.89725 0.007 0.012
2 0.47141666666666665 0.9325 0.0075 0.0115
2 0.5254166666666666 0.97975 0.0085 0.008
2 0.8145 0.76275 0.006666666666666667 0.01
2 0.8088333333333333 0.795375 0.007666666666666666 0.01225
2 0.9123333333333333 0.812625 0.005 0.00875
2 0.71175 0.979 0.0085 0.0135
2 0.14258333333333334 0.973375 0.008166666666666666 0.00825
2 0.6696666666666666 0.669 0.009 0.0105
2 0.6869166666666666 0.719625 0.0065 0.01275
