2 0.5255833333333333 0.68825 0.007166666666666667 0.0095
2 0.53075 0.713125 0.010833333333333334 0.00975
2 0.5635 0.750125 0.008333333333333333 0.00875
2 0.5343333333333333 0.770125 0.007333333333333333 0.01325
2 0.46325 0.748875 0.0095 0.00725
2 0.38458333333333333 0.771125 0.012166666666666666 0.00675
2 0.34025 0.810375 0.0065 0.01175
2 0.07308333333333333 0.678625 0.006166666666666667 0.01525
2 0.118 0.63075 0.010333333333333333 0.0085
2 0.10983333333333334 0.599625 0.008333333333333333 0.00475
2 0.1055 0.607375 0.006333333333333333 0.00925
2 0.06425 0.60925 0.008833333333333334 0.0105
2 0.04725 0.586 0.0135 0.004
2 0.03475 0.566875 0.008833333333333334 0.00425
2 0.22575 0.54925 0.006833333333333334 0.0125
2 0.10558333333333333 0.209875 0.012833333333333334 0.00625
2 0.9281666666666667 0.322625 0.005666666666666667 0.01425
