0 0.42525 0.15775 0.007833333333333333 0.0085
0 0.417 0.1765 0.004666666666666667 0.0135
2 0.2678333333333333 0.1185 0.010333333333333333 0.0085
2 0.25275 0.22125 0.010833333333333334 0.0065
2 0.21625 0.24625 0.009166666666666667 0.007
2 0.17816666666666667 0.19875 0.008333333333333333 0.0075
2 0.24541666666666667 0.289125 0.011833333333333333 0.00675
2 0.2633333333333333 0.35675 0.008 0.0105
2 0.14991666666666667 0.394 0.013166666666666667 0.007
2 0.27391666666666664 0.53175 0.0095 0.011
2 0.29441666666666666 0.631125 0.0105 0.01175
2 0.0021666666666666666 0.3465 0.004333333333333333 0.004
