2 0.8045 0.635875 0.007333333333333333 0.00625
2 0.23583333333333334 0.819125 0.007666666666666666 0.00975
2 0.19233333333333333 0.8075 0.004666666666666667 0.0085
2 0.10825 0.513 0.0065 0.01
2 0.12475 0.468375 0.0055 0.01425
2 0.38508333333333333 0.49275 0.006166666666666667 0.006
2 0.349 0.339125 0.005 0.01175
2 0.192 0.3745 0.006666666666666667 0.01
2 0.06983333333333333 0.385125 0.010666666666666666 0.00725
2 0.13416666666666666 0.313125 0.006333333333333333 0.00975
2 0.27708333333333335 0.08975 0.006166666666666667 0.0155
2 0.86 0.331875 0.010333333333333333 0.01225
