4 0.9469166666666666 0.802875 0.0115 0.01525
4 0.9325833333333333 0.827 0.0115 0.0085
4 0.8831666666666667 0.874 0.007333333333333333 0.0145
4 0.862 0.845125 0.009333333333333334 0.00975
4 0.8240833333333333 0.844125 0.006166666666666667 0.02225
4 0.8683333333333333 0.7715 0.014666666666666666 0.012
4 0.36975 0.906375 0.010833333333333334 0.01775
4 0.3525 0.912875 0.007666666666666666 0.01075
4 0.24666666666666667 0.942125 0.007 0.01625
4 0.33875 0.61 0.0105 0.016
4 0.27491666666666664 0.478125 0.007833333333333333 0.01675
4 0.1895 0.288875 0.010666666666666666 0.00875
