2 0.59625 0.37775 0.007166666666666667 0.0115
2 0.50675 0.2825 0.009833333333333333 0.006
2 0.38108333333333333 0.3465 0.008833333333333334 0.0055
2 0.45208333333333334 0.224875 0.0085 0.01075
2 0.5539166666666666 0.118125 0.006833333333333334 0.00675
2 0.52475 0.1275 0.006166666666666667 0.014
2 0.6051666666666666 0.1495 0.005333333333333333 0.011
2 0.59675 0.066125 0.007166666666666667 0.01025
2 0.6624166666666667 0.022625 0.004166666666666667 0.01025
2 0.16725 0.394625 0.010166666666666666 0.00675
2 0.08741666666666667 0.37825 0.007833333333333333 0.01
2 0.13933333333333334 0.291875 0.012333333333333333 0.00525
2 0.09308333333333334 0.525625 0.0095 0.00825
2 0.11158333333333334 0.537375 0.009166666666666667 0.00725
2 0.07933333333333334 0.6485 0.011666666666666667 0.008
2 0.2305 0.68775 0.007666666666666666 0.0085
