1 0.9475833333333333 0.915875 0.018166666666666668 0.02525
1 0.9341666666666667 0.86725 0.009 0.0235
1 0.89725 0.87825 0.010166666666666666 0.0175
1 0.9001666666666667 0.887125 0.007666666666666666 0.01625
1 0.8469166666666667 0.923375 0.009166666666666667 0.01275
1 0.8238333333333333 0.9145 0.006666666666666667 0.0185
1 0.8305833333333333 0.947 0.013833333333333333 0.011
1 0.81225 0.932 0.0055 0.0205
1 0.8114166666666667 0.9785 0.0135 0.0135
1 0.7983333333333333 0.944625 0.004666666666666667 0.01225
1 0.7813333333333333 0.94125 0.006666666666666667 0.0185
1 0.7585833333333334 0.963625 0.006166666666666667 0.01725
1 0.75475 0.97125 0.0075 0.0255
1 0.7038333333333333 0.95925 0.005 0.0195
1 0.6721666666666667 0.916 0.014333333333333333 0.015
1 0.6365833333333333 0.96025 0.015166666666666667 0.013
1 0.64 0.8585 0.012333333333333333 0.022
