1 0.18483333333333332 0.39275 0.007 0.0205
1 0.15266666666666667 0.3755 0.011666666666666667 0.022
1 0.09516666666666666 0.44325 0.007666666666666666 0.021
1 0.08941666666666667 0.424625 0.008166666666666666 0.01875
1 0.0735 0.44675 0.008666666666666666 0.022
1 0.08433333333333333 0.71425 0.012 0.0175
1 0.08516666666666667 0.731 0.006333333333333333 0.0155
1 0.08066666666666666 0.740625 0.014666666666666666 0.00925
1 0.08825 0.754875 0.007833333333333333 0.02025
1 0.09191666666666666 0.770125 0.008833333333333334 0.01725
1 0.08316666666666667 0.77225 0.01 0.009
1 0.08933333333333333 0.786125 0.012 0.01875
1 0.08425 0.823 0.010833333333333334 0.02
1 0.08016666666666666 0.8395 0.005666666666666667 0.0115
1 0.07016666666666667 0.845 0.010333333333333333 0.0205
1 0.06075 0.863875 0.007833333333333333 0.01675
1 0.051583333333333335 0.887375 0.008833333333333334 0.01925
1 0.06308333333333334 0.913625 0.0095 0.02325
1 0.03908333333333333 0.91325 0.0105 0.0165
1 0.018583333333333334 0.95225 0.0135 0.0215
