0 0.8583333333333333 0.5195 0.007666666666666666 0.0045
0 0.8826666666666667 0.544375 0.01633333333333333 0.00925
0 0.9283333333333333 0.570125 0.010666666666666666 0.00425
0 0.9273333333333333 0.577 0.015333333333333332 0.01
0 0.98375 0.603375 0.014833333333333334 0.00675
0 0.9549166666666666 0.60425 0.012833333333333334 0.007
0 0.956 0.62575 0.012333333333333333 0.0175
0 0.97825 0.28925 0.007833333333333333 0.0165
0 0.94825 0.25275 0.009833333333333333 0.008
0 0.9776666666666667 0.21025 0.007333333333333333 0.013
0 0.95825 0.166375 0.011166666666666667 0.00675
0 0.9196666666666666 0.15975 0.007333333333333333 0.014
0 0.9055833333333333 0.194 0.009833333333333333 0.008
0 0.8696666666666667 0.203625 0.008333333333333333 0.01225
0 0.8621666666666666 0.156 0.007333333333333333 0.0145
0 0.9940833333333333 0.032625 0.008833333333333334 0.01525
0 0.9948333333333333 0.05625 0.01 0.0075
