2 0.60225 0.58125 0.0045 0.011
2 0.5360833333333334 0.61575 0.0055 0.0095
2 0.49116666666666664 0.66 0.007 0.0065
2 0.46225 0.6515 0.0031666666666666666 0.0135
2 0.54025 0.699125 0.0045 0.01275
2 0.39591666666666664 0.732 0.0035 0.013
2 0.43775 0.814125 0.008833333333333334 0.00625
2 0.7759166666666667 0.465125 0.0085 0.00725
2 0.6546666666666666 0.321375 0.004666666666666667 0.01125
2 0.61 0.3225 0.006666666666666667 0.0085
2 0.5055 0.33875 0.008333333333333333 0.007
2 0.4633333333333333 0.391625 0.006 0.00875
2 0.536 0.422625 0.006333333333333333 0.00625
2 0.5896666666666667 0.4715 0.008 0.005
2 0.7494166666666666 0.2015 0.005833333333333334 0.008
2 0.7324166666666667 0.1515 0.008833333333333334 0.0075
2 0.8773333333333333 0.246375 0.007 0.00825
2 0.87175 0.27575 0.007166666666666667 0.008
2 0.9759166666666667 0.291875 0.005833333333333334 0.00775
2 0.521 0.916 0.007333333333333333 0.011
2 0.31275 0.859375 0.011166666666666667 0.01025
2 0.0985 0.878625 0.012333333333333333 0.00875
2 0.017083333333333332 0.858125 0.009166666666666667 0.01025
2 0.07433333333333333 0.777 0.007666666666666666 0.0075
2 0.06 0.6815 0.010333333333333333 0.0105
2 0.208 0.479625 0.006333333333333333 0.00825
