1 0.51375 0.287625 0.0055 0.02175
1 0.5074166666666666 0.261875 0.007166666666666667 0.01425
1 0.49175 0.27125 0.0105 0.016
1 0.5391666666666667 0.2085 0.008 0.0185
1 0.48575 0.218125 0.0045 0.01775
1 0.4731666666666667 0.230375 0.006 0.01575
1 0.449 0.237875 0.007 0.01225
1 0.44425 0.255 0.0095 0.0215
1 0.40658333333333335 0.2925 0.009833333333333333 0.021
1 0.515 0.16925 0.005666666666666667 0.021
1 0.5125833333333333 0.15325 0.0075 0.0205
1 0.4800833333333333 0.129375 0.008833333333333334 0.01775
1 0.495 0.09575 0.01 0.011
1 0.5121666666666667 0.077875 0.006666666666666667 0.01025
1 0.5058333333333334 0.060875 0.007666666666666666 0.02275
1 0.5665 0.069125 0.005 0.02325
1 0.4836666666666667 0.031 0.015333333333333332 0.0095
1 0.4801666666666667 0.026125 0.005 0.00425
1 0.5678333333333333 0.0205 0.004666666666666667 0.0155
1 0.611 0.007625 0.011 0.01525
1 0.6154166666666666 0.0045 0.007166666666666667 0.009
1 0.667 0.013125 0.004333333333333333 0.01375
1 0.6808333333333333 0.048875 0.013333333333333334 0.01175
1 0.7009166666666666 0.054375 0.0105 0.02025
1 0.7130833333333333 0.00425 0.0045 0.0085
1 0.7176666666666667 0.082 0.007 0.0215
1 0.6866666666666666 0.0775 0.016 0.0125
1 0.6756666666666666 0.082625 0.005 0.01625
1 0.6254166666666666 0.126375 0.012166666666666666 0.01725
1 0.6211666666666666 0.145625 0.008 0.02375
1 0.6265 0.183125 0.007666666666666666 0.02225
1 0.6183333333333333 0.196875 0.012666666666666666 0.00875
