2 0.41375 0.64475 0.004833333333333334 0.011
2 0.48683333333333334 0.886375 0.005 0.01075
2 0.33408333333333334 0.924125 0.005166666666666667 0.01075
2 0.27666666666666667 0.8615 0.006333333333333333 0.0115
2 0.21591666666666667 0.934625 0.0105 0.00975
2 0.11091666666666666 0.98775 0.008166666666666666 0.014
2 0.06533333333333333 0.9385 0.007666666666666666 0.007
2 0.36641666666666667 0.464375 0.009833333333333333 0.00875
2 0.18133333333333335 0.3515 0.010666666666666666 0.005
2 0.17791666666666667 0.333125 0.0095 0.00675
2 0.2861666666666667 0.325 0.011 0.0055
2 0.258 0.086 0.009666666666666667 0.019
2 0.4065 0.26475 0.005 0.0165
2 0.48033333333333333 0.2765 0.009 0.0085
2 0.7179166666666666 0.330375 0.0055 0.01275
2 0.7615 0.098375 0.005333333333333333 0.01075
