2 0.59325 0.645875 0.004166666666666667 0.01125
2 0.66625 0.645 0.009166666666666667 0.007
2 0.914 0.665125 0.007333333333333333 0.01125
3 0.745 0.67125 0.005333333333333333 0.006
2 0.5693333333333334 0.83225 0.005 0.011
2 0.45958333333333334 0.71975 0.0095 0.0045
2 0.38108333333333333 0.735375 0.008166666666666666 0.00475
2 0.38533333333333336 0.750875 0.008666666666666666 0.00625
2 0.62575 0.98925 0.0055 0.013
2 0.021416666666666667 0.95425 0.0035 0.0085
2 0.03308333333333333 0.978125 0.004166666666666667 0.00825
2 0.008583333333333333 0.974 0.006166666666666667 0.0055
2 0.08041666666666666 0.9715 0.006166666666666667 0.0045
2 0.4295 0.48675 0.008333333333333333 0.0075
2 0.05475 0.44 0.0045 0.0065
2 0.051 0.261125 0.007 0.00675
2 0.022 0.1615 0.004333333333333333 0.007
2 0.6406666666666667 0.091 0.006333333333333333 0.014
2 0.6521666666666667 0.203 0.004333333333333333 0.0135
2 0.6609166666666667 0.240375 0.009166666666666667 0.00975
2 0.7055 0.229 0.0033333333333333335 0.0105
2 0.9528333333333333 0.421875 0.005666666666666667 0.01375
