2 0.39225 0.55125 0.007166666666666667 0.01
2 0.39816666666666667 0.5845 0.004 0.0135
2 0.40116666666666667 0.594 0.0036666666666666666 0.016
2 0.36475 0.595125 0.0055 0.01425
2 0.22725 0.742125 0.007833333333333333 0.01125
0 0.0925 0.902375 0.007333333333333333 0.02025
0 0.03716666666666667 0.890375 0.011 0.01025
2 0.012083333333333333 0.691375 0.015166666666666667 0.01075
2 0.117 0.587 0.009333333333333334 0.015
2 0.08116666666666666 0.54 0.006333333333333333 0.015
0 0.10291666666666667 0.478 0.010833333333333334 0.011
2 0.1425 0.41075 0.009333333333333334 0.0075
2 0.15425 0.308375 0.008166666666666666 0.01025
2 0.1565 0.286 0.012 0.0075
2 0.12666666666666668 0.305875 0.011 0.00925
2 0.20766666666666667 0.25 0.007 0.0125
2 0.01825 0.1885 0.0105 0.011
2 0.16666666666666666 0.052875 0.006 0.01325
2 0.35275 0.100875 0.007833333333333333 0.01075
2 0.43583333333333335 0.090125 0.007333333333333333 0.01375
2 0.47383333333333333 0.033875 0.007333333333333333 0.00925
2 0.09341666666666666 0.030875 0.006166666666666667 0.00775
