1 0.32266666666666666 0.767375 0.010333333333333333 0.01825
1 0.33216666666666667 0.806625 0.01 0.02175
1 0.31675 0.819375 0.008833333333333334 0.01625
1 0.28041666666666665 0.754625 0.010833333333333334 0.01675
1 0.27641666666666664 0.761875 0.0065 0.01175
1 0.26366666666666666 0.779875 0.007 0.01575
1 0.24791666666666667 0.794375 0.008166666666666666 0.02025
1 0.2961666666666667 0.849375 0.010333333333333333 0.01625
1 0.23516666666666666 0.8295 0.011666666666666667 0.0175
1 0.23716666666666666 0.87275 0.009666666666666667 0.0205
1 0.246 0.8855 0.006 0.014
1 0.21141666666666667 0.871875 0.0055 0.01475
1 0.20083333333333334 0.865 0.013 0.02
1 0.15308333333333332 0.873 0.009166666666666667 0.0215
1 0.134 0.898125 0.014333333333333333 0.02225
1 0.16525 0.914625 0.012166666666666666 0.01375
1 0.20483333333333334 0.919125 0.013 0.01025
1 0.21958333333333332 0.91375 0.0095 0.022
1 0.2295 0.936125 0.009666666666666667 0.01875
1 0.2155 0.932 0.005 0.016
1 0.2845 0.966625 0.007333333333333333 0.02425
1 0.26766666666666666 0.9835 0.008333333333333333 0.025
1 0.20075 0.974625 0.0145 0.01325
1 0.18025 0.977625 0.0155 0.01625
1 0.14675 0.9585 0.010833333333333334 0.0255
1 0.15166666666666667 0.98725 0.01 0.015
1 0.126 0.990625 0.009 0.01875
1 0.1125 0.994 0.007 0.012
1 0.09891666666666667 0.969625 0.014166666666666666 0.01375
1 0.083 0.995125 0.014333333333333333 0.00975
1 0.07108333333333333 0.97525 0.0095 0.0155
1 0.07891666666666666 0.941125 0.016166666666666666 0.02025
1 0.03525 0.927875 0.0095 0.02675
1 0.00475 0.957125 0.0095 0.02725
