1 0.48733333333333334 0.107625 0.012 0.01725
1 0.5269166666666667 0.19625 0.006833333333333334 0.0255
1 0.53025 0.188375 0.006833333333333334 0.01175
1 0.4181666666666667 0.294125 0.011666666666666667 0.02475
1 0.35733333333333334 0.246125 0.01 0.01475
1 0.31466666666666665 0.309375 0.018333333333333333 0.01525
1 0.3506666666666667 0.388125 0.008666666666666666 0.01725
1 0.17575 0.5765 0.0095 0.022
1 0.21516666666666667 0.6465 0.010666666666666666 0.0245
1 0.21283333333333335 0.693 0.010666666666666666 0.024
1 0.20666666666666667 0.7825 0.008 0.0275
1 0.21341666666666667 0.79025 0.006833333333333334 0.019
1 0.30025 0.7735 0.010166666666666666 0.01
1 0.3000833333333333 0.825125 0.009833333333333333 0.02775
1 0.27108333333333334 0.872 0.006833333333333334 0.022
1 0.21483333333333332 0.876625 0.01 0.01925
1 0.21275 0.9315 0.010166666666666666 0.027
1 0.2796666666666667 0.942 0.007666666666666666 0.0305
1 0.4206666666666667 0.9825 0.006333333333333333 0.027
1 0.48525 0.92975 0.010166666666666666 0.027
1 0.49983333333333335 0.8905 0.009333333333333334 0.013
1 0.43133333333333335 0.78 0.007 0.017
1 0.4404166666666667 0.722 0.009833333333333333 0.026
1 0.36816666666666664 0.695 0.009 0.023
1 0.3393333333333333 0.6615 0.011 0.013
1 0.34708333333333335 0.66875 0.0055 0.0165
1 0.3655833333333333 0.656 0.009166666666666667 0.0225
1 0.3943333333333333 0.610625 0.01633333333333333 0.01475
1 0.4038333333333333 0.572625 0.016666666666666666 0.01075
1 0.45708333333333334 0.659125 0.008166666666666666 0.01925
1 0.51025 0.689 0.016833333333333332 0.0155
1 0.5006666666666667 0.71675 0.014 0.0105
1 0.5061666666666667 0.779 0.012666666666666666 0.0185
1 0.82675 0.89825 0.008833333333333334 0.03
1 0.7850833333333334 0.402875 0.009166666666666667 0.02475
1 0.76925 0.3895 0.015833333333333335 0.0175
