2 0.5850833333333333 0.6075 0.004166666666666667 0.0135
2 0.4175 0.574375 0.009 0.00825
2 0.37683333333333335 0.681125 0.007333333333333333 0.01225
2 0.4165 0.69625 0.008333333333333333 0.01
2 0.47575 0.706125 0.003833333333333333 0.01075
2 0.46091666666666664 0.761 0.006166666666666667 0.0155
2 0.5048333333333334 0.770875 0.0036666666666666666 0.01375
2 0.352 0.737375 0.008333333333333333 0.00825
2 0.29883333333333334 0.626125 0.0033333333333333335 0.00675
2 0.19425 0.59325 0.007166666666666667 0.009
2 0.19083333333333333 0.666875 0.004666666666666667 0.00925
2 0.15466666666666667 0.712 0.008333333333333333 0.009
2 0.121 0.607625 0.007666666666666666 0.01125
2 0.05408333333333333 0.634625 0.0065 0.00675
2 0.00375 0.65125 0.0075 0.007
2 0.19433333333333333 0.818375 0.008666666666666666 0.01375
2 0.2635 0.84 0.004666666666666667 0.0125
2 0.26025 0.908125 0.0085 0.00975
2 0.20891666666666667 0.949125 0.009166666666666667 0.01425
