2 0.15991666666666668 0.933 0.009166666666666667 0.008
2 0.004083333333333333 0.659125 0.008166666666666666 0.01575
2 0.035083333333333334 0.57575 0.007166666666666667 0.01
2 0.050166666666666665 0.51225 0.006333333333333333 0.0095
2 0.10058333333333333 0.455625 0.008166666666666666 0.00675
2 0.1885 0.401125 0.007666666666666666 0.00875
2 0.23858333333333334 0.362375 0.0085 0.00725
2 0.24316666666666667 0.294 0.005666666666666667 0.013
2 0.17566666666666667 0.280375 0.009333333333333334 0.01125
2 0.13808333333333334 0.1765 0.0075 0.009
2 0.17333333333333334 0.13075 0.004666666666666667 0.014
2 0.10533333333333333 0.0745 0.004666666666666667 0.01
2 0.1775 0.0605 0.006333333333333333 0.0105
2 0.03825 0.098625 0.0085 0.00975
2 0.2796666666666667 0.090125 0.0036666666666666666 0.00775
2 0.3305 0.1945 0.007333333333333333 0.008
2 0.3551666666666667 0.134125 0.007333333333333333 0.01175
2 0.39425 0.15075 0.006833333333333334 0.0095
2 0.4513333333333333 0.15875 0.004 0.011
2 0.4365 0.21 0.005666666666666667 0.012
2 0.47908333333333336 0.21975 0.0045 0.0115
2 0.5594166666666667 0.05775 0.004166666666666667 0.0115
2 0.397 0.032375 0.009333333333333334 0.01225
