2 0.7835833333333333 0.83825 0.0115 0.0105
2 0.74125 0.79 0.0085 0.0075
0 0.5608333333333333 0.725 0.004 0.019
2 0.4345 0.7735 0.008 0.007
2 0.4171666666666667 0.763 0.005666666666666667 0.0105
2 0.42233333333333334 0.7885 0.008666666666666666 0.008
2 0.43375 0.919125 0.006833333333333334 0.01575
2 0.33941666666666664 0.994 0.008166666666666666 0.012
2 0.3245 0.919125 0.007 0.01325
0 0.32966666666666666 0.795125 0.006333333333333333 0.01875
0 0.2715 0.77775 0.006333333333333333 0.0195
2 0.21675 0.9925 0.0085 0.014
2 0.13766666666666666 0.9955 0.007666666666666666 0.009
2 0.07825 0.99675 0.006833333333333334 0.0065
2 0.12216666666666667 0.810875 0.010333333333333333 0.01075
2 0.14466666666666667 0.786375 0.006333333333333333 0.01225
2 0.143 0.750375 0.005333333333333333 0.01225
2 0.12816666666666668 0.70775 0.009666666666666667 0.0105
0 0.07158333333333333 0.64175 0.008833333333333334 0.016
2 0.22133333333333333 0.599375 0.004333333333333333 0.00625
2 0.23716666666666666 0.4755 0.005333333333333333 0.005
2 0.22933333333333333 0.49725 0.005 0.01
2 0.14325 0.457125 0.011166666666666667 0.00825
2 0.08908333333333333 0.506875 0.0065 0.00675
0 0.13041666666666665 0.409 0.0095 0.013
2 0.13266666666666665 0.353375 0.005 0.00925
2 0.3365 0.37325 0.007666666666666666 0.0105
2 0.35058333333333336 0.376625 0.0055 0.01075
2 0.34983333333333333 0.329375 0.01 0.01075
2 0.26825 0.2405 0.007166666666666667 0.011
0 0.09491666666666666 0.015125 0.014166666666666666 0.01175
