1 0.8005 0.40975 0.011666666666666667 0.021
1 0.7984166666666667 0.44975 0.008833333333333334 0.016
1 0.793 0.456125 0.013333333333333334 0.02375
1 0.78975 0.226125 0.009166666666666667 0.01925
1 0.7906666666666666 0.151125 0.008 0.02175
1 0.8379166666666666 0.06275 0.008166666666666666 0.025
1 0.8760833333333333 0.022625 0.0105 0.02975
1 0.8741666666666666 0.00725 0.006666666666666667 0.0145
1 0.9335 0.046625 0.01 0.01525
1 0.9411666666666667 0.058625 0.015666666666666666 0.02325
1 0.9964166666666666 0.061 0.007166666666666667 0.015
1 0.7725 0.059375 0.006 0.01925
1 0.7613333333333333 0.063875 0.010666666666666666 0.02475
1 0.73575 0.0065 0.0115 0.0115
1 0.6583333333333333 0.010875 0.008666666666666666 0.02175
1 0.622 0.02125 0.004333333333333333 0.017
1 0.5904166666666667 0.066625 0.005833333333333334 0.01975
1 0.5578333333333333 0.0155 0.012666666666666666 0.0155
1 0.5554166666666667 0.052 0.012166666666666666 0.0205
1 0.5085833333333334 0.051875 0.010833333333333334 0.02425
1 0.4484166666666667 0.04175 0.007833333333333333 0.022
1 0.43766666666666665 0.032125 0.009333333333333334 0.02525
1 0.43191666666666667 0.005125 0.005833333333333334 0.01025
1 0.40375 0.08125 0.0105 0.0185
1 0.5018333333333334 0.122 0.008333333333333333 0.026
1 0.46058333333333334 0.1465 0.007166666666666667 0.026
1 0.43075 0.210625 0.007833333333333333 0.02575
1 0.3934166666666667 0.268125 0.006833333333333334 0.02525
1 0.37275 0.33575 0.0075 0.023
1 0.24475 0.0955 0.010833333333333334 0.025
1 0.28858333333333336 0.02675 0.010833333333333334 0.016
1 0.24166666666666667 0.0275 0.008666666666666666 0.028
1 0.2604166666666667 0.003875 0.0065 0.00775
1 0.27066666666666667 0.002875 0.007333333333333333 0.00575
