2 0.5509166666666667 0.344 0.004166666666666667 0.01
2 0.44458333333333333 0.306125 0.0045 0.01475
2 0.4989166666666667 0.1835 0.006166666666666667 0.012
2 0.5749166666666666 0.159125 0.0075 0.01025
2 0.6655833333333333 0.063125 0.006833333333333334 0.00675
2 0.7200833333333333 0.14025 0.003833333333333333 0.0155
2 0.76125 0.931875 0.0055 0.01175
2 0.9554166666666667 0.7765 0.010166666666666666 0.009
2 0.43833333333333335 0.62475 0.008 0.012
2 0.4175 0.6305 0.008666666666666666 0.006
2 0.2689166666666667 0.638125 0.0095 0.00575
2 0.209 0.488125 0.008333333333333333 0.00475
2 0.17791666666666667 0.461625 0.004166666666666667 0.01225
2 0.19083333333333333 0.4325 0.006666666666666667 0.0085
2 0.23466666666666666 0.287625 0.008333333333333333 0.00825
2 0.23566666666666666 0.169375 0.010333333333333333 0.00625
2 0.3114166666666667 0.23375 0.007166666666666667 0.0065
