2 0.6766666666666666 0.40125 0.008 0.0075
2 0.14016666666666666 0.53325 0.008333333333333333 0.015
2 0.07933333333333334 0.531875 0.014666666666666666 0.01025
2 0.12975 0.610125 0.0075 0.01375
2 0.12916666666666668 0.62825 0.01 0.015
2 0.14208333333333334 0.652125 0.013166666666666667 0.01225
2 0.03025 0.5135 0.007833333333333333 0.0055
2 0.022583333333333334 0.43225 0.011166666666666667 0.007
2 0.010833333333333334 0.48325 0.010333333333333333 0.0065
2 0.0023333333333333335 0.46025 0.004666666666666667 0.012
2 0.72425 0.25725 0.005833333333333334 0.014
2 0.9116666666666666 0.0855 0.010666666666666666 0.0105
2 0.38425 0.002125 0.0105 0.00425
2 0.22816666666666666 0.025125 0.005 0.01175
