1 0.31233333333333335 0.378125 0.013 0.02425
1 0.29275 0.35 0.006166666666666667 0.0155
1 0.28991666666666666 0.37075 0.011833333333333333 0.0225
1 0.25925 0.384875 0.0085 0.02525
1 0.3415 0.319375 0.011 0.02875
1 0.32283333333333336 0.2655 0.007666666666666666 0.0135
1 0.3209166666666667 0.2805 0.009833333333333333 0.0225
1 0.38 0.19475 0.010333333333333333 0.0255
1 0.33991666666666664 0.174 0.0085 0.0295
1 0.33066666666666666 0.1905 0.012333333333333333 0.026
1 0.29591666666666666 0.16175 0.014166666666666666 0.0185
1 0.28583333333333333 0.2125 0.014 0.02
1 0.249 0.227375 0.011666666666666667 0.02075
1 0.2205 0.25325 0.014666666666666666 0.0235
1 0.20458333333333334 0.248875 0.013833333333333333 0.02275
1 0.19341666666666665 0.250125 0.008166666666666666 0.01725
1 0.18491666666666667 0.239625 0.007166666666666667 0.01975
1 0.1625 0.231 0.013333333333333334 0.0235
1 0.17516666666666666 0.276 0.006666666666666667 0.0145
1 0.16008333333333333 0.280125 0.0095 0.01825
1 0.14408333333333334 0.2675 0.0085 0.019
1 0.18866666666666668 0.303375 0.014 0.01925
1 0.19575 0.36325 0.0085 0.024
1 0.11633333333333333 0.277 0.013333333333333334 0.0235
1 0.14675 0.189 0.014833333333333334 0.0125
1 0.09483333333333334 0.196625 0.017 0.01675
1 0.086 0.2375 0.009666666666666667 0.025
1 0.06016666666666667 0.1905 0.010333333333333333 0.018
1 0.05575 0.22475 0.0095 0.016
1 0.021583333333333333 0.242125 0.0165 0.01625
1 0.042916666666666665 0.150125 0.012166666666666666 0.02225
1 0.0031666666666666666 0.15875 0.006333333333333333 0.026
1 0.14641666666666667 0.113875 0.013166666666666667 0.02225
1 0.19658333333333333 0.188625 0.0145 0.02025
1 0.07033333333333333 0.099 0.012666666666666666 0.0215
1 0.04525 0.081375 0.010166666666666666 0.02075
1 0.03525 0.083 0.009166666666666667 0.016
1 0.018416666666666668 0.0605 0.010833333333333334 0.0225
1 0.28825 0.07525 0.010833333333333334 0.021
1 0.24775 0.053375 0.012166666666666666 0.01575
1 0.23091666666666666 0.07525 0.014833333333333334 0.0255
