2 0.9121666666666667 0.343375 0.009666666666666667 0.00925
2 0.9551666666666667 0.1635 0.006 0.013
2 0.9645 0.12175 0.01 0.012
2 0.9385833333333333 0.1205 0.004833333333333334 0.0135
2 0.93 0.151 0.010666666666666666 0.009
2 0.9179166666666667 0.106 0.0085 0.013
2 0.9131666666666667 0.13325 0.011 0.009
2 0.89425 0.111875 0.010166666666666666 0.00825
2 0.89175 0.142625 0.007166666666666667 0.01075
2 0.8776666666666667 0.153375 0.005666666666666667 0.01675
2 0.9454166666666667 0.069875 0.009833333333333333 0.01725
