1 0.49183333333333334 0.46675 0.010333333333333333 0.022
1 0.5065833333333334 0.430375 0.0135 0.02625
1 0.4464166666666667 0.40225 0.005833333333333334 0.0225
1 0.5126666666666667 0.353125 0.010333333333333333 0.02325
1 0.5284166666666666 0.31425 0.010166666666666666 0.015
1 0.53775 0.2045 0.0125 0.018
1 0.53375 0.145625 0.0115 0.01125
1 0.5448333333333333 0.117 0.015666666666666666 0.012
1 0.47533333333333333 0.1465 0.008333333333333333 0.026
1 0.46458333333333335 0.206375 0.006833333333333334 0.01425
1 0.405 0.120375 0.008666666666666666 0.02125
1 0.40591666666666665 0.0825 0.009833333333333333 0.025
1 0.38566666666666666 0.09575 0.005666666666666667 0.015
1 0.38 0.085 0.014 0.013
1 0.43433333333333335 0.042 0.016666666666666666 0.0135
1 0.4455 0.006125 0.015666666666666666 0.01225
1 0.49466666666666664 0.087625 0.008 0.01875
1 0.2530833333333333 0.05925 0.010166666666666666 0.023
1 0.2530833333333333 0.091375 0.005833333333333334 0.02175
1 0.23725 0.17675 0.009833333333333333 0.0245
1 0.24858333333333332 0.204625 0.0065 0.01625
1 0.33516666666666667 0.194375 0.009666666666666667 0.01475
1 0.33308333333333334 0.242875 0.009166666666666667 0.02575
1 0.3020833333333333 0.2885 0.0065 0.018
1 0.24616666666666667 0.293875 0.009 0.01925
1 0.24208333333333334 0.342625 0.007833333333333333 0.02225
1 0.30783333333333335 0.355875 0.008333333333333333 0.02475
1 0.488 0.64075 0.007 0.025
1 0.5011666666666666 0.663125 0.007666666666666666 0.02725
1 0.53375 0.67725 0.0135 0.011
1 0.34675 0.68725 0.009833333333333333 0.0275
1 0.22641666666666665 0.58575 0.0125 0.0105
1 0.5981666666666666 0.7135 0.006666666666666667 0.016
1 0.6454166666666666 0.7165 0.006166666666666667 0.0255
1 0.6908333333333333 0.714 0.011333333333333334 0.0205
1 0.6849166666666666 0.726 0.0105 0.0235
1 0.7460833333333333 0.80925 0.0105 0.025
1 0.81825 0.799125 0.014166666666666666 0.02625
1 0.8611666666666666 0.74925 0.010333333333333333 0.028
1 0.8604166666666667 0.770625 0.0105 0.01925
1 0.85075 0.85175 0.010166666666666666 0.0285
1 0.91675 0.949875 0.0115 0.02025
1 0.9413333333333334 0.9815 0.014 0.0315
1 0.28675 0.990875 0.009833333333333333 0.01825
1 0.274 0.98975 0.009333333333333334 0.0205
1 0.12216666666666667 0.89175 0.01633333333333333 0.0135
1 0.07558333333333334 0.9925 0.009166666666666667 0.015
1 0.022916666666666665 0.83475 0.015833333333333335 0.016
1 0.0028333333333333335 0.805875 0.005666666666666667 0.01125
1 0.5998333333333333 0.5105 0.012333333333333333 0.025
1 0.59125 0.52775 0.006166666666666667 0.02
1 0.6389166666666667 0.454375 0.0065 0.02525
1 0.6324166666666666 0.452 0.005166666666666667 0.017
1 0.84875 0.336 0.010166666666666666 0.026
