1 0.26025 0.208 0.0105 0.017
1 0.25866666666666666 0.222375 0.005333333333333333 0.01275
1 0.3035833333333333 0.21975 0.0125 0.0185
1 0.24366666666666667 0.25525 0.006666666666666667 0.0205
1 0.22958333333333333 0.256875 0.007166666666666667 0.01775
1 0.21475 0.29125 0.0085 0.021
1 0.2956666666666667 0.274125 0.009 0.01325
1 0.31083333333333335 0.2705 0.007333333333333333 0.024
1 0.2768333333333333 0.3035 0.008 0.0175
1 0.22233333333333333 0.337375 0.007 0.01975
1 0.22841666666666666 0.34875 0.0075 0.0155
1 0.19491666666666665 0.336125 0.005166666666666667 0.01125
1 0.18791666666666668 0.335625 0.007833333333333333 0.01975
1 0.13666666666666666 0.339 0.009 0.021
1 0.119 0.365 0.015666666666666666 0.017
1 0.15133333333333332 0.37825 0.012666666666666666 0.011
1 0.18916666666666668 0.379875 0.014 0.01025
1 0.20441666666666666 0.378 0.010833333333333334 0.022
1 0.21183333333333335 0.400125 0.006666666666666667 0.01825
1 0.20058333333333334 0.394125 0.004166666666666667 0.00925
1 0.18758333333333332 0.43375 0.0125 0.0095
1 0.16675 0.439 0.0135 0.013
1 0.13475 0.4235 0.009833333333333333 0.0195
1 0.14383333333333334 0.4545 0.008333333333333333 0.0135
1 0.13825 0.451625 0.005166666666666667 0.01025
1 0.11516666666666667 0.455875 0.01 0.01975
1 0.09125 0.43775 0.009166666666666667 0.0165
1 0.06875 0.41075 0.014166666666666666 0.0175
1 0.027666666666666666 0.414875 0.010666666666666666 0.02175
1 0.06658333333333333 0.450125 0.0095 0.01325
1 0.07866666666666666 0.46625 0.013666666666666667 0.0175
1 0.106 0.47275 0.009666666666666667 0.0205
1 0.14191666666666666 0.483375 0.009833333333333333 0.01925
1 0.13683333333333333 0.513625 0.014333333333333333 0.01675
1 0.08308333333333333 0.495 0.014833333333333334 0.011
1 0.03258333333333333 0.488375 0.014833333333333334 0.01775
1 0.004166666666666667 0.501875 0.008333333333333333 0.02225
1 0.20616666666666666 0.504625 0.014333333333333333 0.01375
1 0.061 0.664625 0.01 0.01425
1 0.06141666666666667 0.74575 0.0105 0.021
1 0.29733333333333334 0.48975 0.005666666666666667 0.022
1 0.2715 0.444375 0.006666666666666667 0.02175
1 0.25483333333333336 0.463125 0.008 0.02125
1 0.27058333333333334 0.4895 0.005833333333333334 0.0135
